1111111111 1111111111 1111111111 11111111111111111111111 117

111111 1111111 111 1111111111 1111111111111111111111111111111111111111111·
111111111111111,1 - · ·
11111111 1111 constitutionum Η111111111111111111 11111111 111
11110111111111111111111 gegon 111 1111111 1111111111 1111111111 11111
1111 1111111111 worden: 1111111 111 11111111, 1111 1111111111. 111-

1111111 111 01111111 ’ 111111 111111111111111111111111111·11111111111111 ·

hum “ ,111111 111111 1111 11111 11111111 1111111, 111111111111111 111
1111111111 11111 11 111 [1111111111 ,1111111111111 1111111111111111
0111111111 su 1111111111111111111 1111 1111111 111111111111111111, -
111 {ibn-{gen 111111111111 1110111111111111111111 111111 1111111111
111111111111. 1 v

11 11111111111111 [13111 1111111111111111111111111111 111111
Laudes: 111 1111 11 gans 11111111111111111, 111111 1111111 dem No-
1111111 111 1111111111111111111111,11111111 worden ist, 11111111
111111 dem 1111111111 111 111 1111111111 11111111, 1111111111 11101-
11111 11111111, 1111111111 111111 11111111111111111111111, 11 1111111
1111111 1111 111 [1111111111 111 1111111111 11111111111111111111111,
11111 111111 1111111111 in 111111-11111111 11111111 gerunden 111, durch
111111 111111 1111111 wieder 111 0111111111 111 1111111111 ,1111111-
1111111111111. 11111 111 Μ1111 111Η11111, 1111111111111111111111
1111 0111111111 111. 811111111111111,1111 11111111 1111 11111111-
1111111 - ·

Μ111 nott 111111111111111111111111111 1111111111 111 11111111
11111 11 1111 Η1111111111 1111111111, 111111 1111 1111111 11111 1111111111
in 111 Weg 11111111

111111 1111111111 111 111 Volk 1111111111 11111111 ’1111111111
11111 mit 111111 0111111111111111111111111,111111 1111111111101111·
111111 11111 zu 11111111 1111111111 ’

1111111111 11111 werden 111111 1111 1111111 1111111111 1111111111
1111 111111 0111111111 1111111111. 1111 01111111111111111111111111111·
1111 11111101111111111111 111 111111 11111 111111111111111111111111,.
111 Em 111 111111111 11111111, 1111 wohl 11111111111111111111
1111111111 11111111 111111111 1111111111111. ·

11111111 111 2 Juli 1810.

† ΗΕΒΜΑΝΝ,
1111111111 1111111111·

111 1111111111 11 111 1111111111 0111111111 111 Hoohwtitdigston
11111111111 11111111 111 011111111111111,1111 1111 111 111 1111111
21. 11111 J. 111 11111111811111111111111111101111111111111111111
1111111111 111 1111111 1101111111 (111111111111111 ,111 soleba ·
11111111 1111111, mehe 111 1111111111[1111111111111111111111111111 ’

 

