0„ d mv. 1111111 nr. 111111 1111, 1. 1111111111 1. 0111111111. 12¹]

1111113111 11111111 11111111111111111111 11111111. 111111 11111111·
1111111 11111111ιί11 111 Μ1111111113. 1111111111 11111111111111111111111
Ι11111111 1111111111111111111111111 11 111 1111111111 1111
111111111111 111, 111 zvar ist 11111 1111111111111 1111111111- um 11

1111111111, 11 11111111111111111111 111111 11111111111111 111111111111111

ι 1111111111 1111111111 3111111

Ue 1111111111 1111111 1111111111 111 111111111111,1111 11111

. 11111111111111111 1111111111111 11111 Lnge 11111111111111111111-

ςι11111111111,11ἐ111 1111111111111,111111111111111 1111111111 grosso
Besorgnifls 111 1111111111111111, 111011111111111111111111111311
11111111 111 1111111113 11111111311511111111.111111111111111111111

. su 111111111111 Kandgebung durch 1111111111 11111111 111 cums

Ι111111 1111111111. 1111 111111111111111 1111 111111 vorandium 111·
11 111 111111111111111111 1111111111 durch Zeitungen 1111111111 111

, 1111111,1111ι 11111111 1111111111111.1111111111111111111113

111111 1111111 11111111111111111 111 1111111· ιιι 1113111111 111 an

’ 111111131111111111111 1111111111 11 kann nur 1111111111111 11111111
3 111 1111131111111111111111111 111111 111 111111111111311111 1111

, 111111111111111111113111, 11 1111111 111 11111111111111111111111111
’ 11111111 111 (1111111111, 1111111 11111111 1111111111111111311111-

111111 unterthfim'gsten 1111111111 11 Scine 1111111. 1111111 111 (11111-

’ 111111111112·ι.1,1.11111111111111111.1111111111 11111111, 11

11111111111111111111111111111111111111, 1111111111 1111111111

¹. 11111111111111111111111 111 111 111111111111111111 1111111111-

1111111111 (1111111 1111111,111111111111111 11111111 1111111111ιί11 111
1111 111 111.1111111111111111.1131111111 0111111111 geben 111111.
1111111111 11 1111 noch 11 einiger Beruhigung, 1111 mir 11111111.
311111113111111 8111111111111 (111111111111111111111 11111, 11111 meino
Gesinnungen, 111111 11111111181111111 11 111111111311111111111111-

1111 11111111111111111311 geben 11111111, 11111111,11111111111,1111
111111111111111,111011111111111111Β1111111111111111121.1.11.
11 11111111111111 ,11 111111.- ‘

11111111111111 11111111111111111 111111 1111111 1111111111
’1111 111 Fragon 111 111111111111 11111 111 111111111111 111111 1111111

1111111111(111111111111111111111111.1111 [1111111111111111 '

111111111111111111111,1111 111111111111111111111111 111121. 111.
’111 1111111111111111113 der 8111111111111[1111111111111111111111111

Was 111 1111111 ’11111111 11111111, 1ο 1111111 1111111111111111,
1111 11111113111111111111,11111111111811111111111 1111111111. 1111
111 1111 gar 111111 ιιι 111 [111-11111111, 1111 111111 11111111. 1111111 11
1111111111 habe 11111111 111 111 111 111311111111· 1111111111 111
1111111111. (111 1111111 111111 1111111,1111111 11111111 111 11111
111 (1111111111 mit dem 1111111111 811111 1111111111 1111111111
1111 11111 111 1111111111111111 (1111111111 11111111111111 0111111111
maging 11 1111· 111 111111 111111 11111111111111111111111111111111111
11111111 1111111111 11111111 (11’1111111 1111111111111111111 vollen.
1111111111111111 1111 111111 1111111 1111111 1111 81111111111111,111-
geminen merkannten 111111111111111.11 ist 111111111111,1111111

11111111111111111111 111111111111111111111 1111113111111111
111, 1111111111 1111111111 11111 1111 1111111111111111,1111111 dem

 

