118 111111 uum 111 111111. troium. 12. 11111 w

neh-or 1110111111, 11111111 111111ῠώ11111 wrm 111111ιὶ1
1. J. 1111111111 1111111111 11111111 1111 81111111111111 aut go·-
1111111, 1111 11 111111111110111111111 1111 &misam 11111111 11111111
111 1111111111
11111111, 1117 11111810
01. Ι. 1511111111, 0111111111.
01. Lau. 1111111111011111111111.
Dr. J. B. 01111, 111-1111111111 .,
’ 11. 1.·11111111,1)1111111111111, .
1101111, Domo-picum.
Al. 11711111, 011111111111111.1 ’

Ἰ x nostum ζ

1111111 A

1111111011 de· 111111111111 von 1111101113 1111111011131.
1111111111 mammos. ·

Allerdurehlauehtt’yster 0111111111ρὶ
1111111111 frenc 1111 Hm! f

1111111111. 11111111111111111 1111111111 su gestatten 11111111,
,1111 111, durch 11111111 1111111111-111111111111111111 1111111111
1111 111111111111111111 111111 moines 1111111111111111111,11111111
11111111011111111111111111 111 morbum wurdfgung 111 11111·-
1111111131.

11 111111111111111111111111111111117 1. M„ welche 1111 1111111,
1111111 1111 11111111 1111111111 111 1111111111111111111111 111 011111-
ministerium 11 11111111 111111 11111, werden gewis· 111 gamuel!
1111111111 111 11111111111111 111 1111111111111111111, 11111111 1111111111
111 11111111111111111 Η1111111 11111 1111111111. 01 111 111 11111 1111111
1111111111 bego, 111111 werde 111 nicht 1111111 11111 11111111111111111
111111111111111111 111 11111111111111 011111111111111 1111111113
111 111111111111 1111111111 111011111111111111,1111 111111 christliche
11111 lehn. 01111 1111111 1111111111.1111111Η111111111111
1111111111,11111111111111111111111111111111111111 111111, 1111
1111111111,11111111111111011,11111111 111 111 01111111 1111111111
1111111111111111111111111111111111111111111,11111111
1111 1111111111 0111111111,11111111 neue 0111111111111111111111
tre n 111111, 11111 1111111111111111111111111111111111111111111111
er 11 111. 011111110111 111 1111111111 1111111 11 01111 1111
1111111111 lange 1111111111 1111111111 0111111111 ihrer 1111111 1111111·
1111111111 1111111111 111 1111 wamel 11111111111111111111111111-
gegeben. 1111 1111111 11111 1111131111111111111111111117111111
11111111 111 111 petitionum 1191111110111111111(0111111111111111-
1111111 1111111 10, 000 und 11111111 111111111111111111 11111111111111111
1111111111) 10111111 1111111111111111111, 11 1111111111 angege-

11111 111111 11111 111 111 81000 1111111111 111 ΜΗ 111 111

 

