370 11111111 mmmm! 1111 «11. 111 inii.

. 11111. Dio 1111111111,11111111111111111111111111111111 i
11111111. flat 11111111 1111111111 Person 1111111111111111111111111, · ’

11 vird 11111111 111 11. Η11111 1111Η11111 1111111 1111111111 1111111 ³
1111111111 grain 11111111, 111 1111111111 11111 1111111111111111111-
11111 vird 1111111111, 1111111111 1111 111111111111111111111111111
11111 111 Landosregierung 111111111111111111111111,1111111111111
1111 111 1111111111 111131 1 111 Institutio autorizabilia 111111111 11111.
1111 111 1111111111111111111111111111 1111111111 1111111111111
111111 111111 111111111111 111111111111111111 111111111111111-
1111111 11111 1111111111 11111111111111111111111 11 11111111 11 11-
111111, 11 11311111 1111111111 111 1111111111 1111111111 1111
1111111111 (1111111 111111 11111111111 111. 1111111111111111111111111
-1111111111111 111 1111111111111 1111111111 111111 1111111 11 1111111111.
= 11 1111111 111 1111111111 111 111111111111111111 111 111 1111-
11111111111 1111111111 11111111 111 111 mit 1111 1111. 111111 1111111111111
’1111111 „Ad 1111111111 gregis omtodiam“ 1111111111 11111111 1111111-
, 11111111111111111111111, 11111111111111111111111111111111 1111-
11111111111 111111111111111 31111111. 111111111111111111111111, 11
vird 111 11111111 111 111111111111 11111111-1111111 1111111111, 1111

- mi 11111111111111 1111111111 11 1111111111 11 11111113 11 bringa.

111111111111111 11111 111111111 1111111 111 111 von 111 (1111111111
’111111111113111111 1111111111, 111 1111 111111111, incoram 111 1111- ’
1111111111 111111 111111 111111 11111311111111111111111111111111111 ι

, 11111 1111111111, 11111111111111111 (1111111311311 1111111111 ’

militi. 11111111 (1111111111 vird 111 Vorordnungsim 1111111
gamno

1111 1111 1111111 11111 111111 11111111111111,1111111 11111111
lang 1111111111 1111111, 11 1111111111111 1111111111111111111111111

11111111111111111 111 1111111111, 111 111111111 11111111111111

nogioioh 111 11111111131111111 11 1111111.

Soli 111 orandun 111 1111111113 lingonis 11111111111111111,

11111111111111111111 Mnngels 11111 zum Diiomnkloru· gehimndon
(1111111111 11111111, 11111 1111111111 11 11181111111111111, 1111111

111111 11111 1111111111 111 111111111111111 111111 mit 111 1113111111 3

versifindigon.

wiri 111111 (1111111111, 111 11111 Alter 111611111111111111-

1111111 1111111111, 111 coadjutor 1111111111, 1111111111111111111111113

1111 11 1111111111, 1111 111 111 1111111111 111 1111111 111111111- ’

Ινθιιῖ7111111311.111111111111111 111 1111111111 111 (1111111111 im 111111-
11111111111111111111111 1111111111111,111 111111 8111111111.

11 inicium dee 1111111.11111111111111111111111111 Jungon

' 11111,11111111111111131111111111111111111111111111,111, 1111111
111111111111111111(11111111111111131111111,11111111111111111111 Ι

111 1111111111 111 1111111111 11 11111111 gesorgt.

Beziglich 111 11111111111111111111 111 111 111111111111 111111111-
hildung 11111 1111111111 1111 111111 mit 111 Regiorung 111111111111,
Ι1111 11 111 gut 11111 111111, 1111 oder meinero 1111111111 11111111 11
1111111111, 11111111111111111 111111111111111111111111111111
1111111111 1111111111 11 verdon,

 

