121 1111111 1111111111111111 11111111. 111111. 7. 11111111

uam 111 1111 111 1111111111 111111111111 11 111 1111111111
,1111111 11111 1111111.

11111111 1111111 1111111111 11 111· 11111111 111· 1111111111
111111311111111. 1111111 11111 11113111111111111111111111111,1118111111·
rigkeiten 11 111 1111111111 111 111 1111111111111111111111, 1111 11111111
111 11111111111111 um 111 Η1111 1111111,-

’ 1111111111111111111111111111111, um 1111 1111111111 111111 ·
Ζ1111111 11111111111111.

So 111111 1111111 11111 11111111111, Η11111111111 11111111 1111·
11111111 2 “

Wio 111 111111111 1111 Martyrium 1111111111111111111111 11111
1111111111 Τ11111111 111111 111111111111111 1111111 111, 11 1111111·
11 111111 111 1111111111 11111111111111111 ’1111111111111111111111
vir 111 111111 1110111111111111111 1111111111 .

Ζιι 1111111 ’111111 111 zu 111111111111111 111111 111 111 1111111
111111111 111(11111111111111111111111111 1111111111 1111111111,
11111111 1111 1111111111 11111111, 1111111111 11111111 zu 11111, 11111111111
11111 1111111 111 111 1111111111111 (111111 1111 111111111111. ⁴
’ 111111111111 111111111111111111111111 81111111,11111111 111
1111111 111 11111 1111111111 1111111 Zenon 1111111,11111 wir 1111 11
1111111 1111 11111 111111111111113 1111 111 11111111 11111111. 111111
1111111111 11111111 11111111111111111 111 111 011111111111 111 dem
111111 Petri, 1111111111 1111111 Rom 1111.11’11111111111111·1111111
11 1111111 11111111111111, wie 111111 wir 111111111111111111111,11111
111 111111 1111111111111 11111111 wird? 1111111111111111111111111
1111111. 111111 11 1111111111 ’1111111111 111 1111111111111111111,
1111 111 111111 1111111111111 11111 11111111111111311111111111131,
11 11111 1111111 11 dem 111111111111111Τ11111 111 1111111111.

11111111. gibt 11111111 111 Μ111111011111, 111 111111, 1110111ιι
haupt 111 1111111 111111111111111111111 111111, 8111111111111111, 11111111-
1111111, 11111111·111111111111111111 (111111111111111, 1111 1111111111111
111 segon in 111 111111111111111111111111111111111 111111111111
1111111111 stramen 11111. 111111 wir 1111111 1111111111 11111 1111111
1111111111 1111111111111 1111 111 1111111 werden 1111 1111 11111 hoff
11111111..Ἱ .

1111111111 Festo 1111111 1111111111,11121.11111 1810.
· “ 1Η111111ΑΝ11111111111111111111111

, ¹ Bellago' θ.

lehn-elbon 111 liert-n (³011. Bothe· numunianum 111
111. 11111111111-11 1 zelum? 11111111 Ermum? 1111

Eure 1111111111 ¹

111111 1111111111 11111 1111 11 11111 11111111111111 1111111113
111 12. v. ·.M 11811111111111.Ηο11111110111111111111111111,111

’ 11111 1111 1111111111 1111 111 11111111111111, 111111111111111111

 

