111 1111111111-811111111111131111111111111,, .‚ 313

11111111 111 (1111 11111 1111111111 111111111111113 111 111111 11111
111111ιί3 11111111 werden 1111. (1111 11111111 3111111 (111 0111111111
111120. 1111 1859. ’
, 1111 11111 (1111111 haben 11111 11111 111 (1111Ι 111111111111111111
desen 1111111111 zu 111111111131111 Prineip (111811111111111311111111
111111113131111 (11111111113111111, (11111111111113111 1111111111 .
’ eines 111111111111111111 (1111111111111 (1111111111 1111111111, 1111111
⁴ 1111 1111111-1111111111111 111111311111131 8111311111 (111111111111111111. -
2. Wiirde 1111 1111 (11111111111111111 1111111-1111111111111111111
0111111811 1111,1ο 1111111 (1111· (111 811111311111 (111 811131111 11111
’1,1111111111111111111 1111111111111111111111111111111111,11111
1) (111811111111 (1111 811111 11111, und 111111)1111111111’111.11111’1-
diction (11111 (111 1111111111 1111111111 Α111111111 (111 Corporaie'onen
1111111111111.111111111181111111111111111111111(111811111111 1ιι-Ἰ ’
1111111. „der 1113111 111 111111111111111111311111111).111111
11111111 11111111 ι1 1111111 111111 111 (111 [11111111111 (1111111111
111111111111 (1111111111 1773) 81111 11.,,1ι(ι 1111113111111131-
111111111111.111. 11111111 (1111 Herm 1111111111111111, 1111111111
(11111111 111 1111111111131 111111111111 11 11131, 11111111111111111111-
11111311 8111113113 1111 1111111 endere 11111111111131111 1111111111-
3111111 worden 1111. 811111111) 11111 iiie (1111111111111111113111
’ 1111111 31311 (111 (1111111111111111 Absolutionem 111111131111111311- ·
11111 1111311111 (11111 (111 1111111 mit den Worten 1111,(111 1111111111
1111111 111 1111 ihi-em 11111111111 1111111131111 (11111111 [1111111-
111111 11111111 111 11111111ε,1.1311111 1111111118111113111111,1111111 ,
11111 11111 111111111111 113111111113). 1111 111111 111 (1111111111 (111
8111111, 111 81111111 (111 8111111111. 1111 111111 11111 1111111111111

’ 111111111131111 11111111111111 11111111111111131, 1111 (11111111,

(111 1111111111 81111111111, 111 11111111 111 (111111113111111 111111,
, (1111118111. 11111111111111111111111111113111111811111113,(1111
(111 1111111111 111 31111131 111111 (111 81111111311111311 1111111γεί111
1111111131, 111 1111 (111 1111111111 111111111181111111111 1111111111111
1111 (111 wiliier ι1 811111111111111).
' 1111111 zeit 1111111 1111111111111111111111 1111 (111 11111113 (111
1111111 31311 111111 Vergewaiiigungen (11111 (111 1111111 11111 11111111,
1111111111.1111111111111111 iifl iiiiii
ii

’,1111111111 1111111111 iiir deutsche 11111111111111111111ί (Leipzig 18111, 111111, ,

Ι1111 (11181111 111 11111111311111 111111111 Placet, (111,,111(111111111111 811111-
31111113113,“ 11111 111 (11111 1111111 11111111111111111, wie sie 11 dem
1111.1113111113111111111 111111311111111111, (11101311111111111 Confer. 8111111,
0111111193.81111111113(1118131111131-11111111111111311.(811111111111853)
¹) 811111111111111 principe 1131111 1111 obligato (11111713),,8ο 11131111
negent 1111 111 christliche 11 Religion beheimi, 1111 er 1111 (11111111111111111
111111111,1111 (111 3111111111 Wert denen Rege 11111 111111111-11111131111131-
1131111111111111111 1111111. e 0 8. 277, 1111,1111111 811111111111.7,’8.15.,

’)1111111111111Ἣ11111Ι 8. iiiii. ¹ .
8) 011111111111 111111 (111 (111111111 1111111 (1111111111 1831) S. 18·Ι
01111111.10.1.217111111-8111,111111111131111111111111811.

 

