450 Adam: 01111111111111 111 611111 11 1111111111.

1111111111 1111111111, mein 11111111·1111,111111811111 111111 0111111
“ 111 100000 811111 1111111 1111111111. 111. 811 81111111 1111 10.
111111 1821 1111111 81101111111 uber 111 111111 8111111111 1111
1111111111 und 111 811111ᾶί1111. 11 (1111111111 1111111111111111111111
111 1111111111 1111111111-81111111, 11111 ’111 11 111111 1111 bestimmten
81111, 11111 (1111111) 111 1111111 1111111111111111111, 1111 11111111-
1111- und 11111111111 zu 1111111111, 1111 jadon 81111111 1111111
ihm 1111111111 111111 111111111 11111111 0111111111 1111111111111111
1111111111 Τ 11111111 811111, 8111111 11111111 mit 1111111111 11111.
111 11111111 1111 1111 1111111111 811111111111 111111. 11 1111111111
(1111 1111111, 11 die 1111111111111111111111111111111, welche 1111
111111 11 11111111 111 8111111111 in 1111 8111111111 (1111 (111
1111111111111111 1111111118111111111 11111111111111111 1111 111111,)
1111111 heiligen 1111111111111111111 111 1111, 1111111 daza 1111111111
sind, und 11111 in 1111 1111111111111 1111111111, 11111181111111111111.

11 111111 0111111111 ’1111111111 vom 15. Min 1826 11116111 (111-
111111111111ε »0111 81111111 111811111111111111, 11111111 0111181111-
111111 1111 1111, 11111111 111111111111111 1111111111 11111111 111
111 1111111111 111 100 8111111 1811 200 811111.

1111111111 der (1111111111 11111111 111111 (111 111 11111111111111
. 111111 1181111111111111111111 11 1111111111 1111111111 seins· 11111
dem 111 211111 1826111111111 11111111 1111Τ11111111 111111 11111111-
111111-1111111111111111 81111111111111111 12. 0111111 1827 11111-

1111111111 dem 1111111111 1111111118111111111111111111111, 11111111- ’

1111111111 11111 8111111111 1111 1111. 811111111111111111111111.
1111111111 1821 1111 26. 1111 1828, 11 dem, mit 11111111111-81111111111
1111111111111111111118111111. 01111 0111111 (1111111. 111111111111
1181111111111 21111111 1828 und bestitigondes 8111111111 1111

8111111111 11 11111 ward 1111 Hospita! Andermek 1111 81111111 1111 ,

p. 1. 1111111111 1111111111.

,01111 011111 vom 2. suli 1835 1111111111 dio Kgl. 11811Μέ ι

(111 81111111-111111111 sum 1111111111 11111 ’1111111111111 11111111 χ

, (111111111111 1111111111.
81111111111111111111 11111111 111111 811111111110111111111 16. 1

’1111111111 1111. (1. August 1801) die 11111111 dos 11111111111-111111111
11111 einen 8111 111 6001111111 1111111111, 111 datin (111 81111111-
811111, 1111 1111111111 81111111ιεί11] 1111111111111 81111 111111-
11111111 111111 ward 111 (111 81111111-11111111 11 1111811111, 1111
11111111111-11111111 1111111 11 (111 Hospita} 1111111111 111 (1111181111
(111 [11111111111111111 1111111111 8111111111 vom orden 1111 1111.
01118111111111-1111111111. · .

81. 1111111111 1111111111111. 8. 1v. 1. 302.

11111111 111 1111111111] 111111111111 1111111. 1111111111 111
1111111111-011111111111 su 1111111111 11111111111111. vgl. 1111111111
11111111. 8111111111111 11111 1819 p. 37, 1852 p. 208, 1853 p: 32.

1111111111 ward und 1111111 11118111111111 811111 1111111111
111 111111811111 8111111111] 1111111111 und 1111181111 11111111 111
1111.1111111111,1111 11111111 111 (111 1111 1111111111 8111111111111111·Ι

1111111111 111 18. 1111 1817 1. 36, den 11111111 evangelium 1111111

 

