2111 ι 11111 111111 1111

1111 111 111 1111111 11 11111. 1111111111111111 111 111111 dn
1. 1. 1111111111 0111-Κ1111111111111 1111111111 1111 1111111. ’
19. Dio 111 111 1111111111111 1111111111111 11111111111111
1111111111 11111 1111111111ιί1 ,11111111 111111111111111 1111111119,
welch· 111111 Μ11111111111111111111111111 11111
“ S. 10. zum Vollzuge der in gosetsliohor 111111 111 angelmu-
(1111111111 111 1111111111 11111111 1111111111 1111111911 1111111,
11111111111111111 vorgange 111111111111111111. 111111 111 1111111-.
gung 111 111 Dionem 111 11111111 1111111111 111 111131111111111
1111111111 111 1111111 11111111, welche 111 1111111111 111111111111
011111, 1111111111- 111 1111111111111111111111 mit Genehmig'ung' 111

, [1111111111 11111111 werden, 1111 111 1111111111 11111111111111

1111111111 11111111 in 11111111 1111111111111111. Dio 1111111111
1111111111 haben 111 111111111111111311113111111 1111111111111111111111
dem 111ᾳυί111111 1111 111111111111111111111111111, 11111311 1111111111
111 111111 111 11111111111111113 111 111 11111111 1111111111 Bautae
im We‘ge 111111111111111 1111111111111 - 111 8111111111, 11111111-
intendem 111 1110111-11111111111111-1111111. .

111. 111 steht 111 1111111111111111 1111111111 troi„ 111
3111111111 1111111131 111111 an J’edem 01111111 ewam 1111111111
8111111 11 1111111111, 11 (11111111 111111111113 11111111111111111-
111111111111111 111 11111111111 su 1111111 1111111111111111111
11111111 111 111111111111111111111 111111 su 1111111111. ow [1111111111
11 1111111111 113111111111111 11111111111111111 8111111 in 1111111111
. Mauso, 111 11 11111111, 111 1111111111181111111111111 111 ganisa

· 111 1111111111 1111111111111111131111111 1111111111, χ111111 11111111-
11111111111111111 111 11111111111111 (1111111111,ἱ 111 111 Subula 111
1111111111111 111111 mit Genehmigung 11111111 1111111ζ11 1111111111
11111111, 1111111111 1111111111 111 111111111111111111111, 1111111
worden. ῃ . 0 · ,
ς. 12. 111 111111111111111 τ111111111111111111111111111111111
vom 1111111111 8111111111 111111 111 1111111111 (lemgum 111-
1111111. -’ - -

1. 13. 1111 111111111111 (111111111111111111111111111111111111
1111111111 Cultus· und [11111111111111111 111111111111111111111111111111
11111 anderen 1111111 11111111 zu 1111111.’111111111111 und 11111111
1111111111 11 (1111, 1111111111 1111111111 11181111 1111111111111111
11 1111111111 (1111111111, 1111111111 8111111111 1111111111111111
1111111111 Cultus 1111· 111 1111111 1111111111. 111111111111111111
Berroiung treton nur 111, 11111 111111111111 111Ρ11111111111111-
111111 1111111111 1111111, 11111111 1111111111 Giebigkoiten 1111111,
1111111111111111111111111111111111 sind, 1111 kraft 1111111111111111

(11111111111111111111111111111 1111111111111111111, 1111 11111111, 111111 .

111 111111111111 1111111111 111 1111111111 eines 111111111111111111
8111111111, 1111 111 11111111 1111111111 1111111111111111111111111-
111111 1111111, 1111 111 1111111111111111 111111111111111111 11111-
111111111111111, 111 welche 1111111111 1111 1111111111111111111
1111111 1111111111 1111111111111 1111111111 111. ›

ι S. 11. 111 111111111111111 111111 1111111111111 1111111111,
1111111113 111 1111111111ῐ ihrer kirchheim 11111111111111 11111111ι

 

