11111111111 1111111111111111111111. 131111111111111811. 471

. 1. 1111111111.

Nachtrkige 11 111 111111011111111111118.1111111851
bozngliohen 111111111111.

(Vgl. ,1111111 111. Vl. pag. 118.)

11 1111111111111111 mnenon 1111· 1111131111113 111111 dem
311111111111 3111111111 111 Retron 1111· Regulum 1111·
von-hunnine 1111 Stant· 1111· 111111111111111 11111111.

1111. Archiv 11. vl. 1111111),

1. 1111111111111111.

1)Η11111111111 111 1111111111 111 11111111 111 111 1111111111
111 111111111111111 111 111 K. Regiorung geneigt, 1111 11111111111111
11111111111111

Ka vird 11 1111111 111111 111 111 1111111111111111111111111-
1111131111111 1111111111111111111 111 111 1111111111 111 (1111111111,
11111111 1111111111311 gemacht 1111111. ·

1) 1111111111 11111111, welche 1111111 der 11111111111111 111-
1111111111 111 111111111111 conatur 1111111111111, 11111 111 11111111
1111111111111 111 111111 1111111113 1111 11101111111111111113 11111.
Regiorung 111 11111111111113 11 dem Regiorungnorgan 1111131111111

Falla 111111111 11111 11111 von 1111111111181111111111111-

1 11111111 gegen 111 1111111111 (111111111111111111111111111111111111111

1111111113 111 1111111 11111111111,1111 111 11111111 1111111111111

, 1111111111111111111 111111, 111111 1111111111111111111 von 11111.

1111111113 111 11111131 1111111 ist

3) 31111 1111111111 11111111,1111111 dem K. 11111111 1111111111,
vird 81111 1111111111 111 111111 11111111 111111111111111113111111111
111111111111 1111 11111111111 1111111111 1111111111.

11. 1111111111.
1) 111 111 1111111111 11 111 1111111111111111.

1111 111111 111 11111111, 111 1111111111 1111111111111111 111
11111111 11 111 111111111111111111111111 ihm 111111111111111 111111
11111111111111111111111 11111111111, 11111 11111111 11111111 1111111111
,11111111111 11111111111113 11111 1111111111111111111, 11111 1111111111

Die 1111111113 χ111 111111 11111113 11111 111 1111111 1111111111111

11111111113111111111, 1111 1111111111111 111 1111 11 111 11111111 ’
. 111111111111111115111-1111111111111111111111111111 —- 1111111111111-

1111111111111 11111111 11 1111111111 - Ζ111111111111111111111111ς
1111111111 1111111111111111111111113 111 11111 1111 11111111 ’11111111-
111111111111111 1111 1111 111 11 111111111111111111111111111111111113
111 11111111111111111 111111111111 111111 geben.

2) 111 definitivo Austeuung.

1111111 wird 111 111111 111 11111111, 1110111111111,11111111 111
11111111νοί11 111 11111113111111 1111111111 worden, 11111111111111111-

1113111111 1111111111111111111111111 11111111, 111111111. 111111

 

