16600666666666666666666 199·

1616166 66616666 01666 6666666 11166666 666 1611661. 616 66616166
eber, 6166 61611 16 Felge 066 0666660616, 6660666 gens ι6666616116
06666 660 666 6161 11116666 0611. 016666066116616666661 066 666066
Τ1661 11661, 616 demendam-privelegium, 6166 6666666616 066 ,11661666
66666601666661666 61661616066 0666166663. 1116 66666 61661 66 66166- ¹
66666616 wie 16666 666 66166606161166166 66616666 166666 1666 6066
66166666 0661. Ι Ee 6160 16 61666 61616 666661666666166 6116666166 11666-
6611666616611660668666111611661 660 066 0661661661166666. (Freiburg
16 06616666, Η660666666 Verlegehendlung 1860, xl. 660126 8. 8)
61616 (1611606 666 066 06166 066 1616611616666 660 066066166166116666,
666Ι 066 06111111 660 0666616616, 666 066 6666111666 161661166666 066-

1 661166 660 066 1166166 066 1616611666 6161666 Τ16616 106 0661666166,
666 066 661661611661616666666 ’116616 661661 gegen 016 Aneheeigmeehung

066 0616616666 16 Tiro} vorgebreeht 666066. 016 06613666 611 gretser
Gemdtheit ehgeseeete 8666111 0666 016 06616616616616696 16 11661
(60066666 1860 661 N. Oldenberg) hringt degegen 6666116666, 666661
066 6666666 06616 8666666666 66 666166666066 Η66166 6666666616
(160606. (ng 6666111616. 1861, 616. 1.) x ’

1116 6160 666666 06106, 0666 16 06663 661 1166611666, 6166666660-
11666, Wohlthitegkeite- 660 8666116606 106 016 11616611166660 06616-

, 6166166 6601666666 016166666666116666 66666666. 6166161166, 6616 6616
³ 016666 16161 6666 16 61666 (666 66666 6666 61661, 661661 6636366666,

6660666 666, 6661 666 61666 166606666661661 16 06661696666966 Poet-

, 6661666, 86666616666666 0660661660 1861 'Nn 2666166 1116614. 0666.

660 16 066 06611666 06666 preme. (1166616) 0611666 1861, 0611636 66
ur. 17, ,66011661666666 Α6661966 1861 Ne. fll'Beilegebehennten) 8666111
116666 016 0661661661661669616 0661666166666 pror. Dr. Feeeler 666-
geeehlegen 16066, 606 6666606666 8111166366 660 06606, 016 6166666116
61666 666 1666666666, 660666666116 61666 666 6661661161166666 Μ111616 661-
6166066, 616 0666166666 066 6666066066 1116666 6066 0661666166 666-
66661066, 660 660666 016 0616661016666 666 066 816616166οε 16 06661666
66616666611616611666 660 066166166166 6666 066 Zehl der 06666666 066
66106661ος66 11166666 6661661166. 0666 6666 016 66166616616666 1166166663 16
016666 Weiee 61610166 6661161161, 066 860061616666 066 0666361166666 66
111116, 66166666, 6666161016 6066116616 066 6666361166666 666066116666
16 816666606666 666 1161666 6666101616 06161166 666 11661166 16000 fl. 666
0666 866166666166, ’66 wie die Ue'berleeeung 61666 6666666 6666666 1116666
61666 66661661616166 ehemaligen 0166166616 6666661166666 ’66616666116666
1611166. Wenn eine protestentieehe stimme, Peste· 016616, wie 6616
6666166616 0661101601. 1860 Ne. 163 0611636, 666606661166 Μ11-
thessung 066 Wiener ,0616616601 6666666, 66 Anhang October 6. J. 16
616666 6611661, 66616666 06613666 016 6611116666 0606616630660666660616
vollkommen 6660131660 066 06666616 1161661, 0666 61661066066666061

. 6660666 016 066666666116 106 016 Besehwerden 66666166611166 66 macheu

661, 6661666 016 61661161661166666 1166316663666666666661166 16 066166-
66166 666, 816606 6666 1116666 606666. - vene 01666 66616666116666
811666 6166 6661661, 0666 016 Funde, 6661666 016 666166161166661116666
666 06616666 ihrer geietliehen Bedflrtnie'ee 6666, 06666016 116666-
operatione der -Jahre 1811 660 1810 6606661660 6666160661 worden
66166, 661610666666 066 1160661166 066 06611 1116616 6666611 worden,

 

