400 11111111111111111111 111 1111111111 1 1. ‘Apul 1111.-

. nor 111111 111 mitat 11111111111111110111111111 (111111,
Pam, Sarwey) ging 11111, 111 1111111 mogo 111 0111111111 111
111111111111 11111111,11111 11111 7111113 1111111111 11111111,
111 11111111111113 111 111111 1111111, 111 111111. 1111111111111111111111
11 Wogo 11101111111111111111.

Ala 1111 1111111111 91111111 1112. 11111111. 1111111111 11111
123. 8111113111 16. 111111 1811 1111111111111111111, 11111111 11
1111 11111, 11 111 1111111111 1111 11 111 111111 1111111 11111111

111111 11 111 1111111111. 11111111 [mntem 1111111111111111111· ·

111111, 1111 11111 111 gestantem Bouchlous 111011111111111111111111
111111111111111111 111 1111111 11111 1111 1111111111111111111-

· 11111111, 1111 der 11111 111 1111111, 110111111111111111111-

1111111 11111111111111, 1111111111 111. 1111111111 111 1111111
111 1111111111 111 0111111111 111 13 (demutor 111211111111111
0111111111 Walter) gagen 27 8111111 (1111111111 1111111111 111
1111 protestantem v. (1111111111, 1. 111111, Keller 111 1111111111,11111111)
1111111 ,1111111111 11111. 1111111 geht 111111

,1111 111 111 111111 1111111111811111 111111111111111-
1111111111111111 111111111111 1111111 11 1111111113 11 8. April 1817 .
11111111111111 111 111 1111111111 1111111111 1111111111111111111111
111 111111111111 111111111111111111 gagen 11111 Vollzug 1111111111
1111191 111 11 111 1011111111 suauregierung 111111111111111111111
111111, 11 111111 11111111 111 1111111111 11121. December 1817,
11111111 111 1111111111111111111111 1111111111111111111111111111
1111111 1111111111 7111111111, 111111 1111111111 111111 111 11111
,1111111111 11 wege 111 1111111111111111111111111111

,(1111 111 111 11111111 1. 1111111 1111111111111111111111111111 ’
11 11111 111111111 ,11111101111111111111 1111111111111111111111111,

vgl. 11111111 1111 D. 111111. 1861 111. 60, 111 Archiv Bd. 11111571.) ¹

1111 11111111111111111111 1111111 11 11111111111111111111111111
11111111 1111111. 1861. 1111. 60-66, 111 1111119111. 1. Dr. 111, 1861,
Νι. 11-13,1111111 111 1111111111111111111111111 111111111111311
111111 111 Probet in 111111111 01111111111111111111 1111111111
1111111. v„ 11111 1. 12. 1111111111 D. 1111111111. 90-91, 1111111111.
1111111. 11111111 D. 1111111111, 100. 102, 103. 111 1111111-
tungen und 1111111111 111 011111111111111111 111 D. 111111. 11. 91
-93 111 11111111111111111 11 1111111111111111111111, 111111 111
1111111 Journal 1861 1111. 69, 71, 77, 79, 80. 11 1111111111111111111
11111111, 111111 1111111 111111111 1111111111 11111111111

11111111111113111 111 11111111. 1111111. 11111 111 1111111111
1861. 198. 8. (1211)

111111111111111, ,1111111111 111111 01111111111111111111111111
11111 Ρ11111111111“11111111111111111111.,111111.11 11111111.
1111111. 1861 Νι 77, 80.

111111 1111111111111111 1111111111111,,1111111111111 11111111
tomberg. 0111111111 durch 1111111111 11111111* 1111111 1111 111 11111111
1111111111 111, ,1111 18611 105-27 S· 719-711.

Zur 11111 111111 11 1111111111 1111 1111111 11111111111111
11111111111111.11131911111111111111111111111. ,, ·.

 

