· ,94 555555555555551114555555.515515555515151110.

555551551555 „eine Rlnwirkung 551 515 55555555 555 1155555555
5155155555355511 555 851155 155 555555555155 15555 5555 555 in· 555
1551555555515555 vom 5. 1155555555 1848 5515555555 8555551555
51551 155555 5155555551( Der 5155555 5551155555 5511551 555 1551555553
555 1848 151 5555 15511155 515 551. 1551151515155515555551155-
[manig 555 18505513555515155 55555515- 1115551555 (1555555155, 515
515515 5555555 551551155, 515 515 111555555551511555 Ι555 ς5555155511555155,’
5151 15151 5555 15 555 55555555555515515515115115555 115551555 115555-
51155, 5151 15155 0555551155 vom 28. ’1551 5555555151,ι 5555155555
5555Ι mit 555551555515555 555 1155511555555115 im Interesse 555 5155155.
1151 55515 115155 551 5155 5511155515555185151551555555511151
1551155 dem [5551151551. 4-5 555 bk. 5515555155155555 1555515555
vom 8. 55511 1850. 11555555 551555 1155511555 11155155, 5555 55· 515
· 1155555555 zum 11511555 551555115155115555151, 555 [5555555155 515515-
5555555 515 55155 5155155555. · .

11555 555 51155111515555551511555 555 11555155 (1551115555 15515555
5555555, 55 intelligentam 55155551555513 5555555155 815515, 515 555
preamium 151, 555 55555 5511 5555 155555 5551115355 5555 1155515511

· 55515511 5555 15 0551555155 15555155 55515511 555 555 555555 5555155555

1555555 515515 55 sagon, wo 555 5115 gemine 115551 immor 15 11511555
51155, warum soll Ι5555 5555 555555 551 555551 Ι15555 555555555555
1155155511 515555 555151155555 und 555515 51555 55 551555555515,
515151515555 51555515 555555555555 15555, wie 515 555 ι 15515555
11555155515155155 551511111155555 15555 5155 355555 5551551555 15115555
15555515 5515555 5111151 dersmtgegen 555 5553115555 ’1155555555 555
51511555 555 11155555 55551555, 551 55555511 55 555 11155555 ,5155
k 555555535555 8555555555 51551551 55115555 555 55555155551151155,
115551 55 515 15555 1155551551 115 815115551115511115551115555555155511111
So sagon 51551155 115 Motivo. 1115 1155555553 15555855555115555151
aber 1115 155 51551Ι 5155 551155555111555 555 515515555551555 1551551553.
5151515155551115555 555 5555 55555 5555 5555511151 55 1555555155,
1555 11555, -1155511551553 und 11515 5155555555 grown deutschen 8155155
,5555555555111515555551511555-155 11555155 515 1115555 5555 555 555
owenh. 111151515τί555 551 1551551555 555 55555 (15551555 11555 1115 51555-
55115 155511151555 55515551551151 511555. Ea 55555 zu boilum}¹ 55555
5555 555 5155515551 vor 515555 5555115555 11155555555, 551555 5555
15515555] (15555 55551 51555515 mehr hegt, 5155 51551155511551515155-
115555 555155555555551155515 5155 55 85551155, 55555555· 115555. .
555555515555155511511555555 55155551555155 s. 15 155 555155

m

¹) 111555551555155 551555 11515555. 5155 5555155551 15 1555155555· 555
555515 155 1551515155551551555155555. 5555155 1551. 1 5. 155. ·· ’;

 

