r ἱ mmmmm 161 11161116. ' 37.ss

1111111111 1111111 1116611111 111, 1111 16 1111111 611116161111111131-
11611116 11111131 16611166 111 11111311-1) (1111176-111)’1111-
36111111. Dio 1111611111 16111116 1161 1611 1111611 116 111611116-
161111111111 111111 111111 161 1161116166131616161611116611161116.
(Vgl. 1661 1116 161 1111111111. Vl 1. 201) 16 ‹le-selben 1111611111
111111 1661 111 3161111163 1111116111 161111611116111611111111116111 “
11111111 16111111111611611611111161 1116111166 [1161116111. 11161163
18661131111111611111116 11. 111. 1111.) ’

111 1111 1611 1111116111311661611111116111111611361316 16111116
dom Η11163 116 1111166611 11111111 von 11611613 6616 11111. J. 111

11611111111111111 111 unum, 1161 111 1111611111 01616116 1611111111- -

men 1661611666616 1161611161, 161611 aber 111 1616111611 111-
1111116 11111111 1111· 111 6116611- 661 6166111166, 61111 6111 mehr
16 1111161611 1111116111 1161111111111 6661116161111616 16616
auertant! 11111611. 1111111 66116 61611161 116 von 111 1161111 661166111161
1111111111 mit 16161116 06111631311111111 Κ66111111161611 611 11111611
61111111 6161111116611161111111611 661 111 [111- 661 1111116631-
11111161 161 Sinna 111 6111111166111111111161111611 11111661. 1111166

1611111111 11111 11111111 616 11611613 111 61111111 1111 1611161611 “

au 111 maurium 11661ὼί16111 [111 116 1111111 111 1161111616
1111611111 6111 Jahn 11113661 11611111 16166166666661166616
1111116611111611611116116161116, 1611 1111116 pro 6111111111 11 futuro
116 Stipendimulhmqm 61 111 1111 Maian 16 1161111131, vom 1116111 ,
616 11611613 6611 111 111111111311 1161166116 1116611111111111ὴ
11161611 11611661 ymnum 1166116611 91111111. 11111 6661611661611316
611111 111111 116111 jus 111616116113111 worden, 111111611161111
161 111 6161116111, 1161611 111 1116 1611116116 11111116 1111111116.

1111 11111 163611616161 von 111116 16161631111316166311111116
1161 111 116111 1111161111 1161- 1616, 1111 1616611116111663666111366316

6611161616, 116611611111116 1111116.

11111111 1111311 111611111111161113663, 1111111111 ersten [1666611116
Kam- 111 1661111611 in 111 1111663 66111. 1661 1861 „tur
Κο61161111161611“ 611131111111, 661 1611 im Mamer-Journal 1861 111. 110
vom ⁷. Juni 611 1116661 6661 16 111 1166116166 Ρ6111111666 (1161161-
16136111 111611οή1661 1861 111. 66) 113111661166111, 111161111 vom
16116 1861 661 1116111611 161311

„Scine Η11111 111 (1111116163 161111 161 61161111111111 ordnung
111 1611111161 161 111111116116 1111611 161 11111131166161111111116,

· ’1111 1161 1111111131616 1111611161 111311663Ι 111 1611161611 111111116

1111131111 vird, 6611113611 Η1111161611111111666316 16 111111116 311611,
welche 16 16113116116 16611111316663 111 1611611131 1666611116
1111 111 11611131 1116611613611111111113663 111 einzelnen 16116 1111111166 “
Ρ61111611131111111 661161

111111116111111 111 1111111616 111 Psarreu'en 1611 mamm
111 1111111116. 111611116 111114 116 1116111311 1161161661 11616131-
611116 111 661 61116 1116111 116166 1611, 6111 111 1111111 111

1163111663 11111 1161 31113611 6111116611 11666161116111111611161-
6111136. 116 116316663111111666 111 11611116,111116611111116116

1113611616 11616111616116 61161111 111 661616 611161 3161116 1666-

 

