m suam, mmm

11 1111111, 111111 (1111 (1111111 (111 11111111 (1111111111 uu 111111,
1111 (111 111111 (111111 11111111. 1111 1111111111 1111111 11111 (111
1111111111 11 in (111111111111111111111 1111111111 1111111 111-
1111111111, (1111 (111 1111111113 (111 (1111111111 (111 111 (11111111111111
11111ᾱί11111 1111 in (11111111111111111 confession 1111111111 mohs-it
1111111-1111111111111111111111111111, 1111111 1111 11111 111 (111 (1111111111
momenmentum in 1111111111ιά 1111 1111111111111111 (1111 11
1111111111 in 1111111111111 md Kimhenordmungm (111 11111111 1111-
11111111 worden, (1111 1111 1111 11 (111 1111111111ιί1 111 dmm (111
11111111 zu 111111311111111111111111111, 81111111, 11111111, v· Aum-
11111, 11111111 11111111 1111 1111111111 (1111111111111111 111( 11111111(
111 11111111 1111 111 8111111111 (111 11111111 11111111, 11. 1111 (111111-
311111 (111111111111111111111 1111111111. 111111 11111 (111 mmm
111 1111 1113111111111111113 (111111 1111111111 11 11111111111111111,Ι
111111111111111111, 11 11111 1111111111 11111 11111111. nous conjunxit.
11111111 im 11111107 ungu Ignatim, 111· 11111111 (1111111. 1111111111
· m 111111 11111, 1111 (111 3111111111 111 111111 11111111 (111 1111111111
1111111111 1111 1111111, (1111111111 11111111( (1111111111 111. lm 11111
2101131101111111 111 Alexandnnn, (1111 (111 11111111 prusa 11111,
1111111 ob 11 (111 111111111 1111111111 11111 ’1111111111 (111 Eho ((11
1111111111111 (11111111 (1111111111. smum 11111111 11111111
(111111131011111131111111111,Ι dm 1111111, 1111111, bodoma, 1111111111
(111 (111111111πωῖ 11. Κ111111111111111 11111111 Man 1111,ι (111 utri-2
monium olmdoetinum 111 im 1111111111 1111111111 111111111111111111,·1
11 111111 1111 1111, (1111 (111 1111111111 111111111111111111111 11111111-
111111111111111111111111,1111 heut gur ,11111111 111 1111111111,Ι (1111

- 11111110111111(11111111111111111111111111111111111111111. 11111111

1111 111111111111 1111111111 111 (1111 11111111· 1111111 (1111 1111111111
111111 11111 1111 111 111111 1111111111 111111111ηά111, 1111 11111 (111
11111 1111111111113, (1111 man 1111111111111110111111111111111111,
1111111 im Μ1111111111 11111 Form 111 11111111 gebracht 111111 umbo--
(11111111 1111 (111 1111111111111111111 1111111111 1111111. 1111 vim
(1111 11111111111111, (1111 (111 111111 und (1111111111111111 1111111
1111 11111111111 811111111111 (111011113111131111111111111 (11 1111111111
‘ 11 1111 11111111111 (111 3111111111, 11111 (11111111111111111111111111111
(111 1111111111111111111111111 (1111111111311111111 1111111. 11111111
(111 811111111111 11111111111111111111111 Anderae 11111111 (1111111111
111 11111111111111111, 1111111111, 1111111111 Em? 111111111111111111,
1111111111 (111111111 1111 11 (111111 ihm 111111111111111111111111-
(111111111. 111111 11111 11111111111111111 Rom (1111111111111111111111111
(1111 1111111 matrimonium legitimum und 111 im (111111 1111111111

0111111111. 1. 1111111111 11111111 antaeum 11111 111111 111 (111

 

