132 000000 1100010 0. 0. 001. 11000 0000 0. 0001010100 01011000 0. 11100100.

111100 010 1000100οι1οῗ1011001011ἷ100000 000111101010 tm

ennathon-zotanum Βο0100.

000000000011000010 000 0000 00000100000110100 1001001001001000000110110 1880,
Nr. 81. (1100100010, 0001000010001 000 11010010 000 Vogel, 1800.)

, l
010 0001111010 81011000 000 0100110131101110100 1000100 100 Scuto 1010011000.

Friedrich, 000 001100 000000 0000100000 000 Bolon. 1100000 000
’2111010000

1000011110000 000 00001 [lusere 0000100011οο 000011 April 0. 0
0000110000 10010100000001010 000 101000 11100100 10000000 Laudes· 0000
10010 000 0011001000100 01011000 0010· 000 000010000000100010000000-
0000010000 11000 0010000000 (100010001οη0 0001οἰ001, 000 im 111011101
001010 0001100000οη 000 55. 18 000 20 00010100000000010000 10100
Wir mit 1001100000 11000000 00100000 811000 100011000οο 000 000-
000000, 01010101·

1. 0110000100110011000000000

’ 1.1 000· vereinigten 00000011001-0001001001100100 000 000 00001001-
101101100100 1110010 101 000 110011 0000111010· corporationem 00110000 ,
1100110 000 0000010100 0011000010000 0000010101οῑ01.

§. 2. ¹) 1010 0010001000 000 0101000 10110100000001000101100, 0001010
110100 0010000000οο 0000 00001001 000000010110001010001 000 11000
0011011100 10000000 1001111000000.

ς 3. 01001100000011010000 110001001010001011011) ¹ ’

1100 0001000000 000110 8010001010 0001000 8100000100 000
ι 000 01111101101101011 0100000001οη

110 steht 11000 000 110011 000 100100 000001οε0000 (101100000010000 ’
00100 dem 0010100 000 8100100 zu.

h (11111110 110110100000001100001011 101 1010 1000001101οο 1110-
00 000 ss.

1100 jede nach 000 0100001010οο 00100000 Eho 00000 0100 0001111010
00000 000 1110001000 00001 000 (100010 0000101010οἰ0 ,

§.5 11101001οο0, 00010100 0001 000 11100 00110100 00001000 010 ·,

000101000000110 00010100,Ι 10100 zu 1001100000, Β10 00010100 1110110100 010
1110000 0000000 werden 001100.

101011ΜΘ mm V⁰¹ffl3¹¹¹¹5⁰¹¹ 1101100 010000 1000000000 11000100 000-
00

1· 0. nas 0110001010 001000011000000 vird vom 010010 00101101.

Ι100000 0010010110- 000 8010000000101100 010100 00100 000 001-
01011 000 8000000100000.

-ιι-ιι-δ-ι

11100000100010001100101 5 2.,,010 0010001010 000 110100 0000100100
ghufflsgffimememton 0101100 01010001 000 11000 0111011100 1010000110 111·-
²) 00 000000 000. ,00000000 ’

 

