· 111111111111111111111111111111111. · 2'95'

5. 11111 111 1111111 1111 111 11111 111 1. Ρ. 0. 111· 1111111111 11111111
111 111 1111111111 11111111111111111 1111111111111.

1111 1111 (1. 7 1. 8)1111111111111111111,11111111, D. 111111

111 1111111111 11111111-’111111111111 11111111111111111 111 1111111111 jus 1111- ’

11111111111111111 1111111111, 111 11111111 111 1111111111 111111111111111
1111111111 1111111111 111111 11111111. 1111111111311111111111111111111111
111111111111111 1111111111 11111 0111111111 111 positive 1111111111 111111
111 1111 111111111111111 11111111111111111111111111111 11111111, 1111111111
11111, 1111 111 1111 1111111111 111111· 11111111 11111 1111111 11111
11111111.

Hiems folgt, 1111 111 1111111 11111111111111111 1111111111 111111-
1111113111 1111111111 111 111111 111111 11111 1111111111111111, 'wie 111
1111111111111 1791, ,18113 und 1807 11111 - 111111111111111113 111·
11111111 111111 1111113111 11111111 111111, weil, 1111 1111111111, 111811111-
gmlt jura 11111111 1111111111111111111 111111, 111111 1111111111 111111-
11111111111111111 jener Edicto 11111 111 01111111ῒί11 11111111 1111111111, 1111
11111 im (huzon der 1111111 111111 11111111111111111111111111111, 111
jone 111111, 1111111 1111111111 111 1111111111 111111 1111111 1111111-
11111111111111 111 Ρ11111 und 111 11111111 nb 111111 111111111111111111
1111111111111111111111111111111, 1111111111 1111111111 1111111111111-
1111111111111 111 1111111111 111 8111111, 1111111 11 im 1111111111111
11111111 111,’1131111111111 warde, 11111111 11111111 „temporum 1111111 11111111
111 11111111111 1111111111Ιοί1 1111111111 1111111111 111· 811111- 111 11111111

= , 8111111111- novio 111 1111111111111 111 11111111111111111111111 1111111114

1111111, wie 111 1111111111 Edicto 1111111, 111111 111 (1111111111 11-
11111111 11111111).

111.28111111111111 111 11111111111111 11111111 1111111111, 1111 111
Art. 111111 VI. 11111111 11 1111111111· 111111 1111111111 111 1111111
1111111111 11111 111 111111111111111111111111111111111111, 1111 1111111111
1111111111. Η111111111 11111111 1111111111111 111111 1111111111 1111
1111 11111111111111111111 1111 11111111111111111 111 11111111111111, 111111
1111111111 1111111113 111 1111111111 111111111111111 111111 1111111111
wieder hergestelt. 11111111 11111 111 1111111111 1111111111111111111 1111111-
1111111111111111111111111111 11111111111111111111. 111 11111111 1111111111 von
deren vertragsmtiflsigen Aufhebung 1111111111. 20011111.·111.111111111
11111111 111· 11111111 111111 111311111111111111 11111111111311111111111111.
111111 1111111. 11111111 1111111111111111 11111111 111 11111111 1111111111
11111111 1111111111 8111111111 111 11111111111111 1111111111, 111111
1111 111 111 11111111 111111111111111 11111111111111111111111111111111111
solbat abgesprochen, 111 1111111 111 1111111111 ordnung und Verwaltung
11111 (111111111111111)1111113111111111 1111111111111. Die 1111111111
1111111111, 111 11111111 1111111111111111 1111111111 1111111111111111 811111-
1111111111111111 111111111111111111 dem 1111111111 111111 1111111111, 11111
1111111 1111111111111 11111111111111111111. ’

m

1111111 1111111111 1111111111 1111111 111 1111111111 ,111111111111111111111111111
1111111111 511111 111 Regelung 11111111111111111111 111 11111111. 11111111 1111 111111-
111111111111· 1111111 11111 111 1111111111 111111111111111 (11101111111111111111111111
1111 1111111) (Freiburg 18111) 11. 1111111. 8. 17 seiton, 11. oben 181111.

 

