1111144,14441411444444. 1144414 4. 14. 11144· 1845. · 189 ·

114 4441411411 hele, (414 44 4441 durch 11414144141144444 der
eeriehtseere und der Regierung 441 144 11141414414444 41411141
44444141 141), (vgl. Α44114 11111. S. 141 ff. 8081.) 441 14441411 ’
414 Ergdnzuegegeeetz verlengt‚ 4414144 114 Frage 14 jenem 81444
41444· 444144414441144 8441141 4414414114. De Η11144 441 8141444 4144 Ι
14 84444 441 144 144 81444 444144414441144 Perinde deeehenewerthe
14441444 1114441441144444, 4411114 14414141444444144 1441444141 114441
3444411144 144 44 ,44113 441 41144114 4414114444 1444141443 ven
Η1144· einen 44 141144441411114144144 enzueedlegee‚ 414 41 14444114 ,

14441414 44414, 144 44444411441441114414 4144 441441141444 [14444441- .

1131411 4444114444. Η11144· 141 441 114444 Aegriff Bluhme’e 4144 4414
4114113 441 4444444131 4414411444 Erwiederung 4444141444 1444441

22 4. 144 414144444414414 844414 4. 1111144 1845 441 4414 1441114144 44
den Pserrwebnungen. 8141441144444 der 84141114 114144411411444 der 01411-
gemelnden u. 4. w. 4444 114. H. Hdffer. 11144144 1860. 1441441441. v1. und 161 S.

8⁹ (1111111114 14 441444 beiden 84141144 144 441141141144 1141444141·

dher die 44 4444111441 41411144 Fruge in 84144111448144144414414414411
41144 (14114144 441 (degengrdnden geneu 441 41144114 dergelegt. 14 144
4414141 444444144 8414111 gibt 44 44414141 144141411 1448414111444
11141444 geneu wieder (8. 1-46). Ale unwiderleglieh deleres 84441141 144 ·
Uetereuehuegen Η111444 14 11414411 144 (14441444 4441845 414111 4141
’ degegen 4144 144444 (vgl. 8. 74 1.), 1444 44 4441411411114111, 41144
144144444144 Regiorungeentwurfee 441 1441141144 114 814441444144141-

’ 4144444 114 4144 4414111144 (144441414141 34141144 141. 441 14441411 dem

14444414144144 11444144 441444441444 441114. Der Hauptgrund 14114141
114 1144141411411, 114441444141444144144141141144144 441 444444114144
114441144444 441414144 41414. 41441 444 144 1144144444 144 (14441444
444 1815 1441414111414, 141 41411 4441141444 1144 4444441444 4144 zum
Wenigeten 414444 41414 84114414 1114, 414 gegen 11414444111444444 der
1144114444. 1144414411441144114484441444, 144144441444144-1. 7,
141 144· 41444411444444144 1144114444, 14441444 414 4144 1144414 (14-
4444141414411444114144, 44144114144 41144114, 441 44144 1114 41414 411414
44414441, dem Richter 4444414 14144144 eu erweeken‚ 41 er 44144 irgend ⁴
einer Bodingung 14144 114444 11441441 4141 114444441444 111414. 14144-
14114 mdeste die Abeieht 144 (144414441444 444144 4444411411411 1441-
414144. De 11444 4144 41411 144141411, 14 144 844414 4141144144411
werden 14444, 144 0444114414· 1414 144 4114 114411 44114144 4411444
4144 4413414144, 44 4141 41411141144 4141 441141411441444414 114

, 14414411441414444144141144114444. 8141444141 degegen, 4444 414·

444 441444 4444114444 1441344 1444144444 441 Μ144444411414144444144114-
4414444 4144144, 144 Allgemeinen 444 4444144414 114 genzo 1444141441
4444414144 (egl, Hdffer 8. 8 1.), 141444 44 41441141 44144 geme Der-
4141444 144441 44141414 4444 41411 14414444 werde, der Genetzgeber
1414 14 dem 11444144 444 1845 114 114441444144144 444441114444 441144,
44 44144 414 414 41444441144444 zu 1414441144. 14 11414141111444144 4144
41411144 (1434444 11414441, zu 14441444 41, 1444 444411411444114444
4444411144444 441114, 4441444 8141444 mune 14441444, dese 4444 414 4144-
4411444444 44114, 441 41411 11444 4144411144444 4441114, 44414444 414 4141-
1141 41444441144444 141. 11444 144 4114 1444414144141144111411441441-

 

