1111 5. 1 111 11111111 v. 9. octbr. 1860 (11111111 1111111111.) 319

1113111111111 111 resp. 111 1111111111 11111111111 111, 11111 111
11111111 dieser Handlungen durch 111 1111111111 Β1111111111111111-
1111118111111111113111 11111. [11111111111111111111111111111 ’
11111111111111 1113111111 11111111 1. 1 11111111111111111111111111
1111 1111 11 1111111111 (111 11111111111111,·11111 dem 11111111
1861 111111111) 111111111311111111111111.

ln 111111 111111111 Falla, 11 11111111111(1111111111)111111111111
1111111111, 1111111111111 1111 1111, 111 1111111 1111111111111 111111,
111 111 1111111111 11111111 111 Aufgehot und die Vonmhmo¹ der
'l'rauung wegen 111111111111111111111111 1111111111111111111111111,
11111 111 1111161111 11111, 11111111 111 111 1111111111111 maging, 1111
111111 1111 1111111111 111 111111111111111111111111111111111111, 111
1111111 111111 1111111 11111111111111111111111111111111111, 11111111
su 1111111111 111 1111111111 111 111111111111111111 vor, 111111 11111111
1111 Verfflgung 111 311111. Μ111111111111 111111111 1111111 11111111,
11 11111111 Form 11111131111 11111111 111111111111111111111111
1111.

11111111] 1111111111111111 1111 111111111111111111, 111111 111
111 (11111 11111111111111111 (1111111 vom 9. 011111111111111111111
111 111111 1111111, Vorlage 11 111111, 11111111τί111 111 111111. 1111
311111. 1111111111111 11111111 111111 mit 1111111 vom 31. 01111. 18601
1.”11..Β““111111.111.11111111ἓέ1ώῖ1111111111
, .
,1110111111 1860 111 1111111111 81111111111111111 111 1111111111
‚Nereine 1111. - 11111 11111· 111111 1111 11111 111 (111111 vom
„glelohen Tago 1111111 1111111111 6111111111111111 in 11111111111111
,1111111111111 11111111. 111 gilt 111111 im Η1111111111111 11. 17
,11117 1111111111111111 1807 1111 111111111 111 81111111, 1111
,11131111111111 Bhegntte 611 1111 111111 11111111111111111111 111111.
,8111111111 1111 1111, 111 111 1111111111111111111111111111111111,
,1111131111 111111111 111 1111118111111111111111111 111111111111111(
111111 111 111111111111111 111. 0111111111111.

Die 1111111111111 111 bald 111111 11111111 0111 11111111 worden,
111111 1111111111 111 11111111 dem 1111111111111111111111111111,
welches 11111 1111111111 01111111111 11111111111 111111 11111, 11111111111
111111. 11 111111 11111111. 1. 11111111. 111. 1. Η111 2. Β. 325 1111111
Mittheilung 111 111111111111 111111111111 zum 81111111 1111111111
1111111113 1111111111111111 1111111111111120. October 1807 111-
11111111, vorin (1111.) 111 1111111111 11111 11111111111111,1111
1111 ohne 1111111111 Grande 1111 111111111111111111 1111111111111
warde, wo 111 8111111111111111 11111111 vird, 11111 11111 1131111
1111111111111111 111111 111 Vollzug der‘ 1111 111 1111111 811111111
in 111 defensionis contra 1111111111 potestatis 11111111111111 111111111
111111 11111. 11 111 1111111111 vom 20. 0111111 1807 111111
111 1111 1111111111111111 (1111111111.) 11111111, 1111 111 11111
1111111 8111111111 11111 111 Rode sein 11111, 11 1111111111 Fauen,
1111111111111111111111111νηί1 11111111 1111111, 111 11 111 111-
11111111111111, 11111111 111 dem oben angegebenen 1111111, 111111111
var, abgeuehen 11111, 1111,11111111111111111 1111111111 111111 in

1118111111. 111111111111111111111111111111 1111111, 111111 1111

 

