21 111111, 11111111 1111111

01111113 1111111111 1111111, 111 1111111 1111 1111 111111 111111 111111,1
111. 111 Ζ111111 will 111 011111111111111111111111, 111111111111111111111
111 11111111111111111, 1111 111 111111 stand 111111, 111 1111111111
11111111111111111111. 11111111111111 111 (11111111 111 1111 1111111
1111111111111111111111. Dr. Brssggemann 11111 1111111111 1111111113 Das
Η111111111 11111 1111111111111, ’1111 dom 111111111111111111111111
111 1111131111 1111111111111111 1111131111 werde: „Dleflestimmungen
111111 1111111111 111 1111111111 1111111111 11111111. [1111111111
finden 11111111111 111Κ111111111 111111 1111111111, 1111111111 111 111
1111111111 1111111111 von 1111 111111111111 111111111111111111111111111111
111111111111 111111111111111111. [111 1111111113 111 111111111111111
1111111111 111 11111111 111111 111 1111111111111111111111111( 111
1111111111 111 1111111111 [1111111113 111 einer langen, 1111111111
Rode. »11111111 1111111 111111 111111 1111111111 111, 111111 111111
111 1111 111 111 1111111113 111 111 1111111111 111 1111111111
111111 1111111 1111111111, 11111111 1111 111, 1111111111111111111111-
1111, 111 1111111111 1111111111111111311 111 111111 1111111111 111.
1111111 1111111111 1111 11111111 1811 und 56 111111111131111111111
Autrigo 111111, 111 1111111 111111 11111111111111111111111111311111-
1111111111111, 111 111 11111 mit 1111111111 andern Μ11111111111111Η11111
1113111111 1111, ln beiden 11111111111111111111111111 1111111 von
11111111111111111 111 1111 111 1111111111111111Η11111 1111111111
worden. Ν111 111111 1111111111 atelle 1111111111111111111 11111111 1111
11111 1111 11111111 1111111111, 111111111111111111 desselben (11111111
11311111111111111 111 1111 111 Nouem Zougniss ablegen 11 11111111,
1111 1111111111 111 [11111 1111111111 1111111111 11111111111111111111
1111 111111 11111111 1111111111 stetu 11111111 1111111113 1111111111.
Wonn 1111 11 11111111 Stant 1111111111 11 11111111111111111

¹ religiose 111111111111111111111 1111111 11111111 1111111111, so'folgt

111111, 1111 111Ε111111111111 Stante 1111111111111 11111111, 11111111,
1111 von 1111 11111111111111 11111111111111111111 geregelt 111111
11111. [111 1111111111111111111 111 1111111111, 111 11111111 1831
111 Ehegosetzgebung 11111111 111111. Dis Regiorung 111111 111 111
1111111111 111111 111, 11 11111111 1111 1111111 1111111, 1111 1111111-

111111111 11111ρο11111111111 1111 1111111111111 1111111111 1111111111111111. '

1111 111 111 1111111111 111111111131111111111111 (1111111111 1111111,
1111 11111111 1111111111 111 11111111 1111111ξί1113 1111111111111·
111111 1111 111 [11111111111111111111111 1111111 staupum, 11111111
1111111111 1111111 1111111 111 111 1111111111 Anhang, 1111111 11 111
1111111111 111 11111111 1111111111111111 11111111 111 111111111111111
1111111111 11111111 11111111. [111 1111111111 1111111111 11111 1111111111
erundum 111, 11113111111111 1111111 111111111111111 1111111, 111111-

 

