111111111111111111111111111.1111111 11111111 81111111 451

81111111 enm 1111111111 1111111111-011111111111 111 11111111115.811-
1111111 1851 111111 1111111111.

01111111111111 111· Η11111111-011111111111 1111 Anenebme dee 11-
11111111 81111111111111 Weygeld preteedrten 1111111,111111111111ι
ιι.8.....11111111 111111 111811111111111111111111111111111111111-
Gennebeeien 111111111,111 er 1111111111 11111 11111111111111111-
1111111111 1111111111 111 Ηο1111111, 111111111 1111111111111111111,
1111111111111,1111111111111111111111111111111 111111,1111111.1111111
11111111111 1111111111111, 11 11111 11111111 1111111111 1111111.

11111111. 1111111111 viee 111111 1111111 vom 1811111111111811
1111111111 1111111. 111111 111 111111111. need §- 86 111111111111111111
1111111111 11111 111 111 11111-011111111111 111118111111111111111
1111 1111111111 01111111ιί11 11111111. 111111 commissione beetebe 11
1111111111, 111111111111111111 111111 111 11111 1111 1111111-111111111-
‘beiden 1118111111111111111 111 11111111Ι 1111111111 1111111111111111111
111 111 Η11ι111111 1111111111111.111111111111111111111111111111111111-Ι
, 1111111111, 1111111 111 [111111111111.1111111111111111111111111111111,
111111 11111 111111111111111 111111, dese 1111 11111111111111111 (111111-
111111 111111 1111111111111Η111111111 111111111, 111 111 1111111
111111-111111111111 (1111111111 111111111111) 111111111 commendem
111111111. Die 111111111111 (11111111 hung 111 eber 11 111111811111111
11111 111 1111111111 1. 38 111 811111111111111-(1111111111 1111111111.
8111111111111111 111111111111111(11111111111111111, 11 1111111 dien
111 (111811111111)1111111111111,111 1111111111111 Pdeme 1111 1111-
111111 1111111111111-011111111111 111 11111111, 111111 11111111111111111111,
1111111Η11ι111111-11111111111-01111111111111111111181111111111111,
111111111111111,111 1111111111 Β111111111111111111,11111 1111111-
111111 11 11111111111 11111111111111111111111111. 81111111 11111111·
811111111111111111111, 111 111111111Ν111111111111111 11111111111111
111111. 118 111 (111111111- 01111111 vom 11.1111111810111111111111
111 111 1111111111 1111111 11111131111111111111111111111111111
111 evei Γ1111 1111111111.

11 111 8111111111· 111111- 011111111111 vom 1. 1111111111 1811
1111111111 111 gennente! 1111111111 11111111111111.1)111111,111111
111 1111 111111 1111111111, en den 8111111111 1111111111-11111111111111·
,11111111111111 1111 dem 111111111111111111111111111111111111111 1111111
81 ...... 111111 1111111111111111 11111 jede Tbeidnebme 111111
Lentem 11 111 1111111111111 Η11ι111111 111 11111 jede 1111111111
111111111111111, 11111111 11111 1111111111 11111111111111111111111111
werden 1111111, 111111 1111111111 1111111 dem 111111111111111 28.
111111111111111111 Moneta 11111111111 11111111, 11111111 welche 1111 Ver-
1111111 111 1111111111 dee 1111111111 111111 111111 febr 111 Amen 1111111
11111111101111111111111 11111111111111,ι111111111111.111111111111111
dee 1111111111-1111111111 11111111 1111111 11111111 11111 111 11111111-
111111111111111 1111111111111 1111111.

8111111111111111111111111.1111111111οωῖ.111111811,1111111 ’

111011111111111111111111111 18. November 1811 111111111111111,
111111 111111 1111111111 erutae 111 111111111111111111111111111111

11111 1811 11181111, 11111111111111111 1111111111 b
11

 

