170 Pronum iila-fluor. v. 11. 1111. 1111111 111 1111111. 1111111111 11111.

, 1111111111111111111, 111 1111111111 hinnu boreitwillig 111111111111111
111. [1111111 111 111 111111 111111111111111 1111111111 1111111111 111
01111111111 0111111111-1111111 zur (1111111111111111111111. Dio

11111111111111, 11111 1111111111111 111 1111111111 011111-111111111
1111111111 vird, 1111 11111 111111111111111111111111111111111111111111
8111111111, 1111111111111 111 (1111111111, 1111111 111 11111111- -
1111111 111 1111111111111 1111111111. Ζ1 111111 Κ1111111111 1111111
111 1111111111 (11111111111111 111111 11111111 11111111111 111111111111
11111111 nui 1111111 voracite, 111 11 111111111111111111111111
1111 1111111 Art. 12 111 11111111111111111 1111111111111111111111,
111111111111111 111111111111111111 1111111111 Recito handelt. 11
11111111111 Reform 111 1111111111 11111Ιοί11111 ist 111 staats-Regie-
11111111111111111 1111111 1111111111111111111111 111 (111111111111
1111111111. 11111 111111 111 11111111111111 vird, ,111 111 christliche
1111111111 1111111111, mit 111111111111111111 11111111111111111111111111
111111111111111111 i· 613, Tit. 2, ’111111111111111111111111111
1111111111, uo 111 1111 swan· 111111111111111111111111111111111-
11111111 1111 11111 11111111111111, 11 111 111111111111111111111111
111 1111111111 111 111111111 1111111111 111111111111111111111111.
11111111 11111 111 11111111111111111111 111 1111111111 111111111111
11 111111 1111111111 1111111111111. 11111111111111111111111111 .
1111111111 111111 11 111 1111111111 8111111111 1111111,111111111-
111111, 1111 1111111111, 1111 111 11111111111 111111111111, 11111111
8111111111»1111111111 111 Η1111111111 su 1111 11111111111 111 8111111111-
seminationi, 111, 11111 111Ι 11111111111111111110111111111111111, 1111

zu 111 Α11111111111-Ρ11111111 1118111111111 11111111111111111 111111. r

1111111111 11111 111 1111111111 1111111111 1111111111 1111111111 111
iudan 1111, und vird 111 111111111 1111111111 1111111 1111111111 von
Stantuwogon 1111 11111111111 11111111111111. Dem Antrago 1111111 111
11111111 1111111111 1111111111 111 1. 62 111 (111111111111 21111
1817, 1111111111 111 11111111111111111111111111 synagogen-Gemanica
11111111 1111111111 11111 Ζ111111-Τ1111111111 11 111111 1111111111111,
1111 1111111111111111111111111 werden, 11 111 111111111111 Act der
11111111111 Art 11111 1111 Art. 15 11111111111111-11111111111111111111
11111111 111 stantes in 1111111111111111111111111 111 11111111111111111111-
(11111111111111111111 1111111111 111111. ... Berlin, 13. Novit. 1860.

Dor 11111111111111 (111.) 11111111ς 111 111111111111111111. [1111111111-
111 Medicina-Angelegenheiten (111.) von 1111111111-11111111ς111
111111111111 111111 (111.) 11111111 1111111111.

 

