401 wammam.- 1111111113 111 (1111111111 v. 1 mn 1117.

111111 11111 11111111111311 1111111111 1111111111111 11111111 111111 111
ς. 72 111 11111111311111111 11111 111111 1111111113 111 1111111113.
111. 2. 1111111111111 1111111 mit 11111111111 ’ 1111111113 11111 11
1111111111 1111111311 1111111, 111 11111111 111 111111311113 11111111-
1111113111 ’1111111111 1111111111, 1111 111 11111 1113111111· 1111
1111111111 1111111113 11ὴ111113 11111. 1111111111 111 1111111111111
1111111311 111 111 1111111111 111 11111 11111 17--10111111-
1111111311111111 temer 11111 zu 11111111111111111111111111311111111
111111.1.1111(11111111116.]1111812,11111111111111111111 1111111
11111 1111111, tritt 1111111 mr 11111113. ·
1111. 111111111111111111111111111111111131111113131111111111111
1111111111 11111 wandala und 111 11111113 11111 11111111111 Ante·
1111 111 (1111111111 111 (11111111 3111111111 11111111111111111111111111
11111155 11 111 18 1111111111111311111111 111111 111 1111111111
11111111111111 111 1111111131,111111111111111111111111111 111111
111111111111 (1111111111 11111111 11111111 111111, [11111111 11111 11-
11111131 111111 111111 11111111111111 111 §- 102, 111. 1 111 Ver&
waltungsediots 111 111· 1111111113 vom 21113111 1821. M,
111.1,1111111 1111111111 (111 gemeinschaftlich 01111111 1111 111111
[111111111113 11111131111311 111· 111111111111111111111111 31311 111
1111111111 1111111111 111 11111111 3111111111 1111111113 111 111111113
11111111, 1111111 111111 11111113. Boi 3111111111 1111111111 1111111-
1111111,11111111,(’111111111111111ἰ11111
1111113 (111. 118 11. 11111111111111111113) 11111111113111 1111111-
111 11 111111. 1111113111 111111 1111311311 111 1111111111111
- 111111113111111 31311 111 11111111 111 111 1111111311 111 (1111111111
111111 deren 1111111 111 111 (1111 111111111111 1111111 111111 1111111·-
1111111113 1111111311 werden, 11111 111 1111 1111 *1111111111111
1131111111 11111111 111 31111111111111111111111 1111111111 11111111-
111111 11111 zu 1111111111 1111. 111111 1111111 111111 1111111111-
111111 1111111111113 111311 zu 1111111111 1111, 11111 1111111111
1111111111111 111 1111111111111 111111 3111111111 vird, 11111111

- 1111111111 01111111 111131111, 1111111 111 111 111111111111 11111-

11111 111111111111111111111 111 11111 1111311111111111111111111
1111111111 11111111 11111111111111111311111111 111111111111 31311
1111111111 (1111111111 1111111311 1111111111 1111111111 (111 11111111-
11111, ,1111 1111111111 111 1111113111111 111 1111111111111111111) 111111
11111111 111.

11111111 1111111111 Einwohner 111111311111111111111, 11
11111111 111 jem 1111 (111 1111111131 111111-111111111111111111 1111311111-
311113 31311111 111, 11111 in 111111111111111111111111311111111 1111111
111111111111111 1111111111 111 111111111111 (11111111111111 11111· 111
31111111111111111111311,1111111 11111311 1111111111111111311111311,
1111111111 11

111, 5. 1111 1111111111 31111111 1111 von 1111111111, 1111111 1111
11111113111113111113 11311113, 11111 1111 11111111111 1111111 ,1111 311113
1111, 1111 1113111111, 11111 111 1111111113 1111 111111111111131111111Ι
11111113111111,1ο1111 111· 1111113113111 1111111311, 11111111111111 11-
11311111 1111111111 1111111111 11111 ..11111 1111111111 11111

 

