’ ,1.1111111111111111111111111111111111111111. 37¹

111111111111111111111, 111 1111111111111 1111111· 11 1111111111
0111118111· 811111 ς. 21 vird 11111111111111111111111111111118111111
1113111111 ,11111111111111 111111111111111111 uagom 8111111111, oder
Α11111111111111, 1111 111 11111 1111111111 1111 mmmm 11111111

3 111111 1111111111311111111111 1111111111 111111111111111111111111111, “

und 1111 11 1111111 111111111111 11111 1111111111 111 1111111111 1111111111
muamus· 11. 111111 1111111 1111111111111 1111 111 1111 11111
1111111111 Ζ11111111111 11111 Recursus 11111111 11 111111 11111 1111111·
111 11111 11111 11 1111 11111111111111111 &mmmm 1111 111111 1111
1111111111111111111111 1111· 11111111111111 1111111111 1111111111111111.
111 (1111111111 gagen· 111111111111 assummum 1111111 mun 111111 m
11111 8111111111 5. 11 1111 1111111111 Magnis· 11, juda 1111111111
11111111111111111111111 du 1111111111 11111111 111 Bestiam 11 11111-
111111; 11111111 11111111 1111 111111111111111 11111111 11111111 gar
11111111 1111111111111111111111 (1111111111, 11111111 111“111,1(111111111“
11111 1111111 uberhaupt, 111 genum, (1111 1111 11111111 gom 1111111111

ζ „flamm warum. zamachmmoffliumg 111 1111 1111111-
? gomefflnehnft 11111111, 1111111111111 11111111811111111111111 11

1111111111Ι Dum 11111 1111311111111 ,11111111 11111 11111111111 111131-
111111 (d. 1. don 1111 ςο11111111111111111111111 111 1111111111
111 1111 111111111111111111111) 1111 abor 1111111 111 11111111 1111111
1111111111111 1111111111 di· 1113111111 1111111111 lm 11111131·
11111 werden, 11 lango 11111 111111111111111111111111111111 1111

’ 1111111111 1111111111111111111 11111111 w 11111111111111131-

mulget &mmmmm 1111111111 Ad 1111111111111111111 111 1817
vd· 1111 1111111. 1118111111111111111 1111111111111111111111111
1111111111 vollen· 11111111 1111 111111 111111111111 mmmm 1111111
1111111111 111 ‘¹⁰9 1111111111 111111-111111111111111111111111111
111111111111111 11111 11111111. 11111111181181111111111 mn 11 nuden-
111111 11111 811111111111111111-1111111111 vom 11111111111111111111111
11111111,111111111111ι,11111131111111111 1111 1111111111 1111111111
111111 11111111 11 11111111· 1111111111111111111111 111111 111111111-
1111μ1 1111111311 1111 111111· 1111 1111111. 11111111 111111. 111111

1 den 11111111 1852 1111111 1111611111. 1111111111111 1111 111111 dm

1111111111 1111 zunmmonmnung 1111 11111911111111111111111111
(1111111111 1111113 11 11111111111111111111111111, ,1111111111111111111111
8. K. H. 1111 1111111111 11111111 111111.“ ln 111111111111111111111111
11111111 1111111. 1111111111, dm 111 die 811111111111 1111111111,
(1111111111 ,111111111111111 der 11111111111111111111111111111111111111,
111 11111111111111111111 111 111111 111 1111 11 mm mn
1111111111 1111 du 111111 111 infimum 111 11111111111111.

Αιι dienen 1111111 111811111111111111, 1111 111 1111111111,

 

