11111 1111111111 1111 &zoilum 1111111111 111
a

111 1111111111111111 111 nr. 11111111 1111111111

1.

111 1111 Regma 111 11111111111111111111111111111 1110111111*
11111111 11111111111111 1111111111 11111 111 1111111311 1111111111
111Ι einzelnen 0111111 111111 selbststandigen 1111111111 111 1111111111
1111111111. ·
1111111 1111111111 1111 11111111 11111111111111111111111111111
11111111111111 1111111111, 1111111111 111 1111111111 1111111-
11111, 111 1111 1111 1111111111 1113111 (11111118101111111111
1111111111111 1210 111 1213 faut.

flegon 111 11111 111 11111111 111111111111 11111 judoch 11111

¹ 1111111111111111111 1111111111 11111111 111 pavia († 1212), dem

111 1111111111· 111 1111111111 111 111 1111111113 111· 11111111ἰί11

5 Roihonfolgo 111· 011111 11111 1111111111.

2 111111 1111111111, 1111111 uberhaupt 11 11113111111111111111
¹ 3111111111111, 111111111111 11 111 11111111 1111 1111111111 mit 111-
1111110111111 1111111111111111, 1111111 111 111 11111111111111

1 111 1111111 1111111111111 11 1111 11111111 1111111111 1111111111 1111

11111111.

(11111111 11111111111111111 111111 111111 1111131111111 0111111
11111 11111 111111 1111111111 1111, 111 1111 11111, 1111 1111111111
1111 sigone, der 11111111 1111111111 1111111113 11 111 canonen-
sammlungen 11 111111.

Ala 111111 1111111111 111-111111111111111111111111111111111111

³ 111· 111 1111 entim, 111 11 durch 1111111111 111 Ρ1111 11 ,111
. ersten lammlung 111· 1111111 1111111111 11 1111111 1111111111

compilandam 111 11111111 11111 11111111 111 111111 1111 in 1111111111

, 1111111111 ln 111 1111111111 11111111 1113111111111111111111111-1

L nummiungen 11111111 111.

11111 11111 uber 111 1111111111 11111 1111111111 111110111111- .
1 1111111111 1111111, 11111 mun 11111111111111111111111, 111111 (11ρί111
’ mr 1111111111111111 111 cauom 111 0111111111, nondam 1111 111

1111 11111 111 11111 Raude, und den Schriften 111· 11111111111111
nuncin, 1111 111 1111111 11 1111111111111111111111111111111111111

1111111111 audemia (111. 1111. 12) 11111111. 1*

 

