8111111111111111111111111·11113111111111.’ · ’ἱ ffl- '

γ 011 8111111111 1111111111. 1111111111 1111 1111111111. scum: 11111111 111
111 11111111111111111 8111111111 111 11111111 111 111111111111111111111111 111-

11111111111111111111811111.811111111111111111. 1880. 1108. 8. (80111111)
1111111111. 8111111111, 8111111 1111 111 8111111111 111. 1111111111ιί. 0111-

11111111 111· 81111111 111 111111111111, 111111111111111111111111101. 11111111.

311111111111111111111880.1028. 8. (18111111.)

1111111 gibt 11-111· 8111111111 (8. 3-11) 1111 11111 11111111 111-
1111111 WAAAignAg 111 11111111111111 111 ,11111111 11111 111 (111-
111111. 811 81111111 111111 1111111111 11111111111111 Κ11111111111
811111- And Κ111111111111 111 11111111 11111111 1111111111181111111
111, 1111 1111 111 111111111111 11111111Ι verrant, 1111111111 11111111111
1111811111 111 (1111111111 11111111 111111, 1111 11111 8111111111 111
811111 111 1111111 wohl 1111 111111111111111111111111111111111111
1111 11111111, 1111111 1111 111 8111111111 111111111181111111111
111. 1111111 111, 11 1111 1111 111 8111111111 11111 11111111 Ab·-¹
Anderungen 1111111 11111 1111111 11111111 1111111 1111111111101.
1111111 1111111111. 11111111 11111111 0111111111111 111111 81. 111
11181.11118.111111111-.111111 8111181111111111111111811-

· 1111111111111111111, 11111111 1111 111 111111111111 111 111111

111 111111111111111111 111· 11111111111111 81111111 Ar 111111111111
11111111111111 11111111111 111111111) 01 11111 111 51111 81111111
11118111111111111111111111 11111111 1111, 11111111 Κ 1111111111
11117Η1211111111811, 111111 111 811111111111 111 1111111111111
1111111 111 dem 111111111111111 811111 11111111111118111111111111 111
8111111111111 111 1111111111 (11111111 1111111111,1111111111.(Η1111ιι
11111111111111111111111. Min. 811. 1. 28 81111118281111Κ111111-
1111111, 1111111111 8111111111 1819). 2) AAA 111111 11111111 11111111
dem 81111111111111111111 0111111111111111 11111 8111111111 111111 11111-
111111· [11111111111111 11111 1111 111 11111111111111· 111111113111111111
81111111. 111111111111111.10211111111111111111111, 111111 111·
0111111111 mit 1111 01111 1111 111 01111111111111111 1118111111-
diener 111 1111111. [11111111111111111111111111,1ιι11111111,11111111
1111111111111111111111111111 1111111,1111111 111 1111 (1111011111.
’1111811111 111111111111 8111111111 11111111. 111111 111· (11111111-
1111111 1111 111Ρ1111111111111 1111 1111 11111111118118111111111-
” 111111, 1111 111 1111111111111118111 111 1115111181111111111111
11111 1111111111111111111 gAgAA 111 8111111 1111 1111111111181111111
1111111111 111111, 1111 AuAlAgung 111 0111111111 111 AAnAAAAAg 111
11111111111 11111111,11111111111111111111111111 will. A) 11111111-
111111111 Placet 11 111 VI 11111111 81111111111111111111811111
1111. 72 111 1111111111 11111 81111111111 111 1.178111111111111··
111, 11111111111111111111111 111 111111111111111111111111111 Zu
stimmung von 1111 0111111811 111 1111111111 Μ11111111ι· 11 111111
Κ11111111 11111111111. 5) 011811111111111 1111111111 111 1111111111·-
1111111 11111111 811111111 111. 8 1.) 111 (1111111111 111111 111111-
111111111 Art. 1 Ν1.1.111(11111111 1. 81111 1812 1111111111,
111111 11111· 11111 81111111 811111111111111111111111111 1111.

1111111111111111111111111111,111111111111111 111111111
ElnbringAng 111 1111 111111111111111111111 11111111 111 0111111111
1111111111 (111111111111111111 11111111 01111 1111111 11111111

1111111111 1111 1111111111 11. Am AA

 

