m 11111111 111111-’111 mmm 111 1111111111 11111111

111111 1111111111111 01111111 111 111111111Ιώ11, 111 111 11111111

“ 1111111111.0111111111111111111111111 1111111111111111111311111111 · 1

11111111 Frage 11111111. 0111111111111 1111111111 ,

’ ' 1111111111· 111 1111111111Ιῄ111 111 1111111111 111111111118111111111111

11111111 111 111 1111111111 111 11111113 111111111111, 1111111111111 111. 1. 11111-
rich 8111111, k. 1. 1111111, Professor und 111111111111111. 0111111111- 111 1111-
811111111111 zu Prtg. Du. 1811. 111151111111111111. 1111111151, 1

Prof. 1111111 111111 11111111111111111111111311 111 1111111111·
111111111111 1111111115 111 (1111111111 jus 11111111 111111111111111
111 [1111111111 1111111 1111, 1111111111111111111111 1) 111111 111
gamon 1111111111111111111 11111 mehr 111111 11111111 11 111 111111 -
11111111111131111111 11 11111011111111111 111 1111111111, 1111111
1111 11111111 [1111111111111 111 111 ganzo lmtsgebio'tgilts 2).1111
111 11111111 111 Limburg 111111111111111311111111111111 111111111-
31111111111111111111111 11111111 1111, 111111 1111 111 11111111 11-
111111, 1111111111 11111111111111111111111111 3) 1111 1111111111
1111111 111 1118111111 111113 31111111111111311111 1) 1111 111111311-
1111111111111111 111. 1111111111 111 1111111111 gegen 11111 1111111111
11111111, 11131111 11111 111 11 1111311111111 1111111111 11111. (ng

1111 11111οέ1111 1111111 81111111 111 1111111 111 geminen 1111111
111 1111111 gibt 1111111 einen 11131111111111111111 11111111 11111-
11111 111 1111 1111111111 111 11111111111 1111111 111111111111111111
1111111111, 1111 1111 dem genehen 1111111 uberhaupt 111 3111111111
1111111111 11111111 111 111 Α1111111111 111 goeetxmflssigen 11111111 111-

1111111 111 111 1111111111 11111 1111111111111111311 111 1111111111 ’

1111111 1111, 111 1111 111 11111111 111111 1111 11 diesem 111111 111
1111111111 1111111 gilt. (1. 5—11 Β. 11-75).

[111 11111111111 Entvioklung 111 1111111111 1111111111111 111
11111311 1111111111 Limburg 111 1111111111 111111 111 111111111111111
1111111113 111 vammum, 111111 11 1111111111 11111111113111
111111111111111 111111111111111 111 111 11111111118111111 gopnogon
wardon. 1111 111111 (1111111 111111111Ιί1 11 111 111111111111111,
111 111115111111111111111 11111111 111811111- und Kimbengevnlt

v 111 1111111111111 01111111111. 1111111111 11111111111 1111 11 111111 ·

1111111113 111 111 11111 wenig 1111111111 81111111111111111111111111-
111111111111 111 ’11111 111 111 11111111 1111111111 wilhelm von 1111111
Wesshurg, 111 111 1111111111111111 von 16. August 1803, 11 11111111
11111111 111-1111111 111Μ1111111 111 Η11111111111 11111. h ergibt
1111 111 111111 111111111111, 1111 1111111111 111 11111111111111-
111111 11111111 11111 waren, 1111 111811111111113111111111111111111
11111111 -111 111 1111111111111111111111111111111 1111 1111111111111111111
81111111 111 111111. Κ11111 11 111 11111111311111111111111111111
1111 1111111, 1111111 1113111111 1111 111 11111111 von Limburg 111
111111111111111111, 111 1111111111 111111131111, Vermtsgen 11 11-
111111, welches 111 111111111ὄί1, 1111111111 von Τ1111 111Μ111111111
(11111111, welche 111 11111 Τ11111ο1111 11 Ν11111 1111111111 1111,
111111 11111, 111 11111 1111111111111111111111111111111111. 1111111111
Documento, 11111111111111 1111111111 8111111111 1111311111, 11111
111111 11111 schrift von ’111111111111111111-111111111111111, 1111111-

 

