334 1161616161 unni· 11111 1161116111 1611116166 166 1611611166.

vn 16661161666126.111661757666161161666611611681611
111666, 1666 116 (1666161166 66616611661166, 666616116116116616-
6666116166, von 616661 6161. 1611. 16166166 6611616166 11666- 1111
6166116 6616666 166116666666 66166611-

611116666166666666. 1166616166 1766 - 6111661161 661
166 16666166666611661116166 1611616. 16616. 1186166311· 1161661161
616616611113 1666661666 16166, 1666 116 im 1666661166 16161616
6666666 16116116, wie 6661 16 6666666166661611116661666. 11611 111666, ·
(166166161111666666666161516166 166166661666666 661 (1666166, 66666661
61161616116166 1661666666 661166 661661116166 1166661166 161 6611116666
116616 166 (1666116166661161, 616 66611661 16611666, 166 616 6666161666- ’

gibt, angadrohton 1166166 66616166 sind, 11666 1611666166 1666166 116166 .

zum 06116666 666 166 11666616 66616111 16166, 661116631616166 6616166
8666166116166 Art 661666666116 616116 16616 armiger, weg'on 161· 616-
1611 66661616666 6166166116166 1166666666 161 11611166 66166666666166,
1666 wit 16166 661 116666 116616616616666166, 61166 661660616666 616
6661 161· 11616 661 1116166611 66166666166166166 116161 661 6611611136
161661661666 166 (1666166 111611111611136 66 616666611166611666113 66-
661161 1111666661 1166111 666661666, 661666 661Ι vollen 1666 11666 6661
1166661 61613616616116 16 16666166 66666661 1666661166] 6611166166,
661616 16 166 3611161666 16666116 11666 16161611 16661 6166661116
· 1666663 vogen frgend 6166666611116166 1161616666 61611 66166666
116666, 1666661 ausser 166661166, 6166 gar 6666661611166166 6161 von

*-

161 66 1666 6661 wohl bonumeam, 1666111611 6616166 616616 1161611166661 616
6616666666 1161661166 von 616616161166166113661661661666666666 161 166
661661 166 1161166 166 11611. (16616666661611666 1661666666 116 01661661 gemus
1666 66 1166666 111616 116 hell. Tauro 666 166166161666161161166166161661666,
1661661616 gerasto 16 611616161166666661661116166 1166166166 6666616116. 11666
116666,,11116111611“ 16 116 6116 6661616616 Nelgung 61611 6166 ,,6111111611616“ 116616
1161166 161116, 66161611 6161 von 661111. 11611 66616661 1166166 611161 661 16-
6111616111166, wie elnlge Tage 661166 mit 661666 661116 616 166666 166116 666-
666666616616666616661161 16116 166161661666 116116 166611611666, 6116 66166
1116166,6666111161611611661-, 616 116 66666611661-1611661661 6616611666, 16 166
66666611661-161166166166 Religion 66616166 66 166666, 666161666616611661616 661
1666 ihm 16166 161 66611616116166 51661666166666166616, semei· winderholt 666-
6666666116666 willon, 6116 66166 1161661611611661 zu erzlehen‚ 1616666161661

’ 116166 666 ,1661116666 zu bringen. 1616161666 werde er 11661611116116616616

661666 1616166166666 1116166 durch 61666161161166166 1166661, 61666 611666616-
66161166 6661611666 16166, aber 166 161 0161666 6661166666 61166616661611 161
61661616 6616161, 16 11611 116 1166 vom Herm von 16661666 66666611666 „Aus-

” · 66616666614611111611611661661616, 6666116,666666166116166166616161- ’

mugen, 6661 wohl 6661 116166611 6661661666666616666 bewogen 16166 mag,
16 116 66166 sehr 6611611616 1116161666 161 161· 66166616161161 6616 16666616166-
1611 0666666166 6616611161666166 1666616116 dieser Strufe gegen 116 1161661616,
mit 1611616161616 seder 1616611 ist, 166 ,,6661 1116116 von 166 161166166166

¹ 166166116616161111116116111 1661666166166661611,166116116166166661161-

666611 5666166, 6661 ,,6166661161161166166 Stante, ⁴‘ 6661666 6661 1611661616 16 1111-
1661 666, wo 6161 6166 116166 1611616616 1166161616 66166 616666 666661116166
116616616116.11661 0666666611) 16116161 66166, wie 16 ganz 1116616661, 6611-
61161166 6666166666- und 1611616661661161116666611.1111616116 11166 116166 166
1166166166 61611661 1666161116166 1661666666 1666661666 1661 6661 61611 ge-

lurffi, 6161 661 661666 6611616166 16661116 6166 6666661666 1616166666 16-
g 66. ·

 

