410 6161666166166661636666616611666.6.166111111. ·

(666.

666 666 1611663 666 0611666161616616666 161, 66666 6668116666
Κ66136 (6611161 16 111161. 816616-166. vom 7. 1166111861) 666 0166-
66316666666611 11611166 6666661. 116166 dem* 12. 1161 1861 6616616666

11661 666 116. 1116668 666 111. 11166 11161 66666 616 zammer

An 616116116 66611666661161616, 6616166 um 6161161161663 1

D. 16116111161111 »1166166611 11611166 1666111166 6161 1666116 6611 ’
666 1666161666 6166666666 66661666661666, 1661666666 616 1611616616 ³

Kircltenfraqe. Auf 616 11616 666 Κ. 1166166666 66 666 1611. 81611 uber

6161161166663 666 2. Κ66666 16 666 066666661616666 66116 1666116 3

6166 11616661 6166666166 66161(

’ Der 6616111616 1166166 vom 6. 1661 1861 (1611). 1611611. ³

Nr. 131, 1666169611611 666 Dr. 1111. Nr. 21. 11116, 111. Ν6. 112.)

¹ 1666116 616 66166 6161361636 666166 616 616611161661161616616616-

166616 1166161611, 66 1616 (116 1166666666166166 666 Α196666661661666-

666 mit 10 gegen 6 8116666 (166 Antrng gestent, »6161166666666116 1
661 616 1166611666 ((66 1661111669 (166 [616 (16·6161161116161116616 1
6661116 (116 1616166166 11616616116666161166 66191166 8666666 vor·
66616161161696166, 116 8611666 666 1111661666166663 66616 11616611 ss

666 0666666616 66 61666116 3616116166111116 6616666166 661. 1161616611
666 Κ. 116616666166666 anheimgegeben 6666661616661616661666666666
116611611161 1666166666 Postea 1116 616 666666166166616, 6666616161663

“ 666 116616 66166 Ι61166 1166116666 616 6166 6661111616 1661166116111611

6111631, 161616 666 1661113663 zu bezeichnen, 666 66166666 1666661166
(16616116666116 zu 1666116666.α 1661 Μ116116666 66611166661611 616166
666 666 Μ6161611 6616 666 Form 666161, ι16666 6661 616 616 1166611663

(166 16186636 616166666 Κ16161661116666 6666661 666 116 6661116161 61666 2
1616661661 616 wegen 666(166666661666616Κ.81661666616666ς ge· ³

61611616 81116 666661666 6611166, (66166661 dem 1616116 666161616666

. 616 6611666616166111666 66166666. 1161116166 (166 1116661111 661116

66616161366666116 616 161161166166 06661616 16666166666, 666 6661

1116116666 666661166 66666166 6161166 6166 6166616666 1166611666 61661- 1
1161661661116666 666. 11661 6616 11.1611611.1161116166666161663, ³

ln Auregung gebracht sei 66 666661 666-1166666611, 166661 61611 16 66
661166166666 116166. Die 6666166 86666166, 661616 666 113. 111661

’ 66616 66 666 von-lug, 6616 81116666 666 11616866 M. 116116 zu 66666166. ’

808⁰ss (116 1111111116, 66616166666611666666116, 1666166616111111- ³

611666661611 (16666 61166866,
’ 1661161666666666116666666 666, 666 1161616166 zum 111161(-

161116 66 1666666, 166666 666 66 6616666 661116, 616 (1666661166, 6616 ’

6116666 11661, 61161611 66 6611666661 6666 66616166166166116616 Ma-
1661111 66 gewiss 666, 6161 6616616661611, 66 666 6661666666-

6666166, 6666 616 Κ66666 666 Antrag 66661666 warde. 1166 666 ,

111616166166 Lindon blieb und 666 1166666661 66666 6615616166.

Am 161661 1857 1666116 666 11161. st. A. 616 1166161611 666
666 666 1166166661. 661616166116111661166 666 (1666666616. (Vgl.

6166116 11611. 1.-153). Am 16. 1661 1861 1666116 66666116 816616-
66661666 616 Τ66666166661

 

