296 1000, 110 10110010 1000001100- (100 0010000 01000. .

1. 01 1. 111011000001101. 111 100 ,0001οϊ00 81001.α

er 0010000 0001 1100 110 0100 0011110 000101001000, 1000110
1110101001 00 ’1000 1100 01101011001101001100110 00010000, 1000 010 0101
1100 100 81001 010110. 111011000101100, 1101001011. 81011100 Μ1110101100
11100 100 110011000011110100 00100100 81001· 001 1110010 010 Το1000 100
(1001011000 1100110100 11000001100000100100 0011001 0100110, 0011000

0100 10 100 (101101 100 11001110, 810010- 001111001000000110110. 810 -

0000100 10101, wo 110 00001001011110100 0000010000 00000111101 0101,
01011 mehr 0011001 gemacht, weil 010 0100 101000 ’11011 (100 0011001οο
8001000110, 001 0010000110 100 ,0100000001001001100101001( 0010111100.
Ι1110810100, 0001010 110 »1100100100 (100100οι00κ 001 uberhaupt 110 1100000
(100 0001001100 001010001000 01000 0100101011 100 1110010 11100100
81001, 1110010001 01000 0100111000 100· ιιι 100 8100000001 1100001οο
[101111100111011100100001010000, 0101 0100· ιιι 0001100001οι Frage
irrelevant, weil 100 11000010 1010110111,1000 1101110010·ιο 0000001011
001010 8010001000 10000000011. 1100010110 von (100, ,1100100100 (100-

10000011 01110100, 10 100101. 0000001100000100101001100110100 1110010
100010001000 110 1110010 110-10001 010110 001100 0000011010 1000010
001110οι0 0100000, 0011001101110100 (1011010 0011010110110, 001 vom
110010 100100· ιιι (100 1100111000 100 0011000 11110001011001100001100100
11001100101100010 001000100010. 810 101 01011 00010001 0011000
0001 100100110οο 810010001ου00 01011 0010000010εο 100001 010110011
einer 001000 0001000100 0000101101 werdo.

. 1100 000100008100100001100010001000111000,1000 100 81001 110
(10010000 1001 001011000υο 10101, 1000100 1010010010 (1000100100

»00100000101111000011010110100100100081000100001110100010100 .
01010101,1000 0100 vor 11110ιο 100 0001110010 8100100100 11010110-
110010, 0001 110000100100110010, 0001 11010000110001101100100800100
010 8100100011οἰοο 0000010000 1001 1100 110000 100 810010100101111100-

1000101011 10010, 1000 00110 0011011000 101000000010 10011000011011
00001110101001000001000000 00001010. Der 0010000100100100101100000
10110 1001000000 100 1100000 100 810010 001 ,100 01010100110000110-
0100000 1010011101 1100011100100 0000100οι. 1110 1110010 010 010 0100000
8011000οἰ01 0011110100 1000 010110000100000, 1000 100 81001 0110 0111-
110100 [01000000010 00 000010100 1010, weil 010 00001 0101 0011011110
000111100011100001010.10 11100 100 81001 0101 001011, je 001000-
0101 001000 0100000 11100100 1000001101, je 0010 00 110 10011011, 100-

100001000 (1101101101000- 00180010000010011011001101, 10010 100100 001
001101011011000 00000 00 110 zur 10001011101000 100001100 0010100100
- religionen 110000000001011000101001000001). Der 81001, wie 00 0101
jem 001101101 101, 0010000101101 0101 1010001 0000011101 vom 0011101-

01100110100 810010 0011000 0001001101000100 8100100100101100000, 1000 00
0101 001000 1000010 001 100 10001000 selbststandigen 10001011101000

1)11100100111,81001000(0101ς.27,28;1100 1101101 100 stantes 0001000101 0101
01011 1001100010 1101010000000 100 100010001011 001 100 1101000100010010010100
001 Zus'anm'enleben 100 1100001οο 001001001. v 1100, 1100011101οη einer Philosophia
(1001100110. (wien 1851--.57)11 13.11111100,110011.10011100100100100100100
(1000110111881)15111.. ¹

 

