428 81111111 111111111181 fiber 111 81111111 111 1111. 1111111811. 111.

“ 11111181 1111, 111111111111 181811111111181 1818111111, 8111 11111111

1111111118, 111111 11811111111111 1. 11111 1818111 vom 31. 111111.
111111 jeder gesotslioh 11811111111 1111118 11181111811111111111111111
111111 111 1111111111 1111111111 81111111111113, 118 111111111111
11111111111181111818181111181, 181111 111 1111111 111 1111111 111
1111 1118 Cultus„ Unterriohts- und Wohlthfltlgkoitszwooko bestimmten
1111111811, 8111111181 ,111 111118 11181111811111 1111111111111. 1111
18111811 111 111111111111111 8111118118 1138118111 warde, 1111111 1111
11111111111 111 1111111111 11111, 118 religioso Eniehung von Kindern
111 1111111, 11111811111181 1111111111111111 111 11111181111111111.
[111 verr. 1111111 1111, 111111181111181 1111111111111, 1111811111 118
111 111 11 11181 im 11111 1819 1111111111 1111811111111111 1111111111-
lung vorgobrnehten, 111 118 11111111111 1111111 gar 11118 1181181111
11111. 1111118 1111 111 11 1111111111111 An, 1111 man 118 11111

' , 1118 8111181 11111 1111. 111111111111118111111111 111111111111111181

1111, 1111 111 1111111111 1111111111 111 11181811811111118111111
111111111111111111181 Region-angon gans 111118 (111118 111 8111111111
111111, 11811 111 1111 111 1111111111 8111111111 11111111. 111111 11111-
1111111 11 0111111111. 11111 1111118 111111111111111111, 1111111
ganzo (111111111111181111111111111111113 111 111111111111, 181111118-
11111111111111, 11 111181111 11111 111 111 111 1111111111111111 11111- 1
1111111 Bundestug 11111111 8. 1111 1858 1811111111 1111111111 811-
11311111181, 1111 8111 111111 1111111181 1111111111111 81111113 81181
1111111113 3118111111 111 1811111811111 8111111111111111111111 11 111811
Laudo 1111 ,011191111111111 111. 11111111. 1111111111 111111111111,
1111 11 1111118 1111111111111 geruden Gegontheil 110111111111118111
111 111 mehr 111 111111 1111131111111111111 1181111111 111 111 88-
11111111 gehon 1118, 118 1131111111 Ρ111111111 zu 1111, 1111881111
guten 111111111111111181, 1111111111 111 111011111-111111111111111-
1111111111111 11 11111.

811 zum (1111111811 war 111 11111111118 1111111 11 0111811111 111
11111111111111111111111111 111 1111811118 111 1111111111 1111118
[1111111111111 1118111111111181 811111111113811111, 111111111111111111υης
Ἴ 111 111111111111111111111 8111111, 1111111 11111111, 118 1111111111
181 1111111118 111 111-(111111111111111, 111 [1111111111 1111111181 111
1111111 111 111 1111111181 111811181111111, 1181818111111111111 1111-
181111 1811 1118111811111111111111111 111 118 8111111111111, 1111811118
111111118118111811, 1118111111118 111 1111· 1111111111, 1111111111
118 1113111111 111 1111181 8111111111111 18111, 11111111 11181111111111-
111111 11 111111 1118111 11111 hethei und 11111111111111111181111
1111 11111111 Bowogung drungenden zoitriohtung in 811 1111111 11111·-
11111111111, 1111 man 11111111111111111111, 11811 1111111111 811 grosset-
’11111 111 18νὸ1181111, 111111 111 181111 1111111181 1111 von ihr 11-
11111111, 111 organo 111 [1111111111 11111111111811 und 1111111111
11111 11111111111111111 1118111111111 immor 1111111111 8118111111 ge-
wnnnen und 111 1111818111111111 1111111111 1111111111 111811111111
1111111111 111111 im 8111111181 11111111 1111111111181111111 1111311-
111 1111181111181 1111 1111111111.

[118 111181111111 111111111111 vom 11111111111811, 11
1111111111111111118 111 111111111111 1111111111 11111111, 11111111,

 

