180 11111111 11111111111111111111111.

1111111111 111111111111111111 regium); 4) 111111111111111111 1111111-
cipum-(iesous 111 1111111111111111’0111111111 111111111 1111111111-
111111 worden 1111, 1111 111111 111111111111.111111111111111111111
1111111 11111111, 1111111 1111 111 111 11111111111111111111111611
11111 dem 1111111111 111 Gran, Forgnch, 3111111111111111111111
11 111111 1111111111, 111 11 11111 111-11111111 11111111111111111111
Befolgung 11111111 1111111111, Ju nogat· 1111111 11111 1111111111111
11111 111111 11111111,111111111111 111111111131111111 11111111111111111
1110111111111 111Τ11111 (11111111 11111111 1111111111.) 1111 111

Decreta 111 11111111 1111111111 1111 1111111· 1111111111 flegonta 11111
111 Augen 11 11111.

1111111111111 111 1111111 Fruge, ob 11111111111111111111111.
1111111· 11 Uagam durch 111 111111111111111111111 11111, was 1111,
1111 1111 111 Eingnng 1111111,111111111111111111111111,11111111
111 1111111111 1111111 11111,1111111111 111111 113111111111111111111 -
111 111 Berathungen 1111111 1111111131 111 0111111111(1819)11111
1111111 111111 1111111111 1111 111 1111 11 1111 111111 1111111111 (18116)
an 111 1111111111 11111 111 1111111111 1111111111 1111 1111111111,
1111111 1111 111111111111 111 1111111111 111 1111111111 11111-
1111111 111 0111111111 (1853) zu 111111 1111111111 1111111 1111111,
um 1111 1111111111 1111111111 su 1111111111, 11111111 11111111Ἰ
rungon die, 111111111111111111 111 111 11111111111111111111111111
1111111111111,1111111111111111111111111. 111111111111111111111
1111111111111111111111111111 111 0111111111 1111 3111113111111-
11111111 worden, 11111111, 1111111111111111,111111111111 111,· ,11 111111
Tagen 111 Gran orfolgte 1111111111 1111111111 111 1111111.,,1]1111
1111111111 1111 1111111111 11111111111 1111111111 11111111 111
111 111111, 111 ungarischo Klerus werde gegen 111 0111111111 111-
111111111311111111*1111111111 11111311111111 111111111111131111111,
111 1111111 11 jener 111111111111111111111111111111111111,111111111-
111111· 1111111111, 1111111111, 1111 111 11111111111111111 11 111111 1111111
[1111111111 gegen 111 coneordat 111111111 1111111111111111 111,
11 1111, was 11· ’11111111 1111, 111 01111111111111111 Wege steht ¹),
111 1111111111111111111111, 11111111111111111, und 111 111 (1111111111
1111111111 111, 1111111 11111 11111 1111111 11111111 1111 111 011-
111111, 1111 111 1111111 111111 gab, welche 1111111111111111111111111
111111111111111111111111 1111111111 (1111111111 111111 1818 111111-
11111111 111111. 111 11111111-1111111,· 1111 11111111 1111111111111111,

11111 „die 1111111111111119111111119111111 [111111 1111111111 hmo.
111111111111111111011111111111 1111111111111111.κ ’ „

111 11111 111 111111 111111 8111111 111111 1111111111111· 1111111111,

’ 11111 1111 1111111 11111 mit 1111 1111111,- weil 1111111111111111111

111 0111111111111111111111101111111111, 11111111111111 1111111111111,
111111 1111 1111111 1111111111 wir 111 11111111 11111111111111111

ffl— =

” 1)11111111111111111111,111111111111111111 1111111111 11111111111111111111,
ἓὲιὴίἱῃί111 1111111111, 1111111 11111111111111111111111111111111111111·

1)11111111111 1111111111 magen 111 cardinal 1111111111111111111111111

, 11 11111 1111111 1111111111 1111111111.

 

