166 666 nuptm 6166661661. 1116616 66166166 6611666661 457

1161616666. -.Η66661 6.1803ς.63.11161666 (166. 6611666. 0666.
6666 p 66. 166 666.

flavigny, 8666616116. 262-212. 1111166,16666666616666666666166
Bundess 176. 66166. 8616166161 1166166666166.193,199,10(1,
501666.

1161666666 1. 116 866661661666166 666 11166166661626666. 1661
666 61166666166166666616 6616666 6166 66, 166666 66 Th. 11. Titel XIX

ς. 13 6661066, 6666 66616666666 666 Η666161166 666 8611666666 616 Δ

1166116 666 1116616661666161666611.

[116166666616616 (166666661666 166 6166666666 m 666 61616166166
ὓ6666666666666 666 11666666 666 61611666616166666111661666 666 Η6661111166
61616 6616616166 6666 6666166661, deun 666 666 1. Τ1666616661Ι.666-·
1611661666 ms 666 (16666666 vom 16166666161661, 66611161, wie
66166 6166 6666111666 ,616 016111666161666 werden 16 dem (1666666 ihrer
(111666 666 666 1166666 666 1161666, 616 11666 666 6166611616 861666-
1166,οά66 Privato 66161616 6166, 66161666.ιι 1166166. 16661 3 616666
(16666666 666616 616 666666 6166666616666(1666666666161666666166-
661611666 11166 616 066661666166 11666 Verwaltung und 666 0166661616166·
1166166 666 1666666 11166 6166611666.

06686666666616 666 deutschen 866666 661666666611166166666616
1616666666 666 666 1666666661 666 66116166 8611666666 6666. 61666 661166
616 1116616666( 66. 11111166 1. 6. ς. 251, 387, 116. An dem 1666666
0666 6666 1111166, 666 1116616666( 166 16166166( 666 1116616, 16161161 666
6161 6666666166 wodor der 166106666 6661 666166661666666686666666
wohl 6166666666 0166611616 6661 161161616661·.1161616666 666 666661-
66166166 166666661616 6611666666166166 1666616666 zum 16661611 666
(166666-166616666, 666 1166616166 666 666 116116116161616. 116666666-
616616 (166666666666 hat 6666 1661666666 666 Η666166166 16 61616166
116166, 666616 66666 1166666161( 616 1166111616 1166661666 66661666( 666
666 666 016666161616666611 tiber 6166611666 1116 666 stant in 16666661
6666666666 wie 6166616161 666 666 1116666166666661661116616161, Re-
616666666 vom 23. 0666166 18,11 dem 111616666161-161116666666 vom
9 1611 1820 666 666 (16666666 vom 13 1161 1833 66621 16111813,

· 6166· (166661666-0666666 vom 23. suli 1815 S 20 und (16665 1,15

666 53 116. 3 666 8616660666666 vom 15. Μ611856 6616 11166666
666116. 8161666, wie 616161666616666 werden kann, unwiderleglioh 1666,
6666 666 116661661166666661 6661 666 66666066116166 861116666- 6661
166616166666-11616666 61666 1166111616 86116666 6666 1161161661616116-
1666616 1665 dass 616 661666 666661166 666661116661161 von 1166161166 .

666666666666 86166166666 6661666666, 6166661666 66666, 6666 weil 616 ἶ

dem Η666166166666616 6661 666666 1666661666 1666666616 wardon, 666-
selben (116661666 161666 6666 66661 161666 Act 666 (166666661666 616

, 1666616 66166161666666 666616616166 666666, 6616666666161616161666611616,

6161 66661666 1666661666, 6666 6661616 666166116616666 66616616666666-

11616666 vom 31. 166666· 1850, 616166161161611166166161 im 11661666 ,

. 666 (1666666 666 1666116166 Η6661661661661666116116611611116616166-
26666166· bestimmten 1661616 6666 86116666 16166616 61666 6166661666
-16616166666666 66616616666666-11616666 16 616661661166666 (166666
66161666 6666666 mum, und 1666616166 1666116 166616666161666 616666

 

