130 11111311· (mm 111 mo.

11 1111111),111 1111 1111 111111 1111111113 1111 111 11111311 111111
111 11111, 111111 1111131111 111 11 1111111111111 1111111111
1113113 111 1111111111 1111111111, 1111111 11111 11131111111111 111
111 ’1111111111 311111111111 11111 1111311111, 111 1111 111 omn
1111111311, 111111111111111131111111111111 1111111111 1111111
1111111111 numnchlimm 11111111111 111 1111111111 nmen,
1111111111 1111 immor 111 11111Η1111111111111311 1111 1111111
111111. 1111 1111 111 111111 1111111111111111111311 111Η11111
1111 888188881 1111111111 Vorsuge 111 11111 111111 1111111 Petm
von J8888 1111111311· 111 11 111 111 111111111111111, 111 111 1111111
11111111 1111111 111 1111113113111111111111111, 111 1111111111111111111
1111131111,111111111111111 1111111111111,11111111111111111111,
1111111111 111 11 1111111 111 111111111111311111 Η11111. [111 (11-
111111111111111111111111),111111 11111111111 111 11 11-Ι
1111111), 11111111 1131111111111111113111111111111111111111111.

,11111111 1111111111 1113 mit 111 1111111111 [1111 111111
11111111 1111311111 11111113 113111311111 1111111111111, 111 111
1111 111311111111 11111Μ111111, 31111111113111111111 11111, 11111
1111111 1111111131 111 Begrssndung 111111 11111111, 111 ’1113111111 .
1111111111111311111111111111111,1111111111111111,11 11111111
1111 111 1111111111 1111113111 [111111113113 111 11111 bonnm-888
(111111,111111111111131113111111,11111111111111111Τ111.11111111
1111111111111111111113,11,1 sum 11111111 111111 1111111111 [1111111
111 111 zum Momm seinos 1111111111111131111.[1116111111111
1111113111111 daun 111 11111111 1113111111 gab 111 1111111111,
1111111 111111111111111111111111111 mit 31111111311 worm 111, 111
1111111 111 mit 1711111111311, 111 111 11 111 su 31111111111111,
kraft 111111 11 111 1111111 11111111 111 1111111.1111311111 11111111.
1111111 1111111 11111111111111111 (1111111111111,111111 1111131-
111111, 311131· ,6111111111 1111111 3111111 1111 11 11111111, 11 11111
111 111 1111 m 111 1111111). ,11111 81888811 11 1111 1111111111 111
(1111111111 diener 1111111111111113 11111111111111111111111113
1111 (111 vom Vuter ihm 1111111111 11111113 11111111 11111111113111.
11111111111111111111111111111111111111111111Ε1,111111)1(1111111
3131111111111111111111111111111111,111111111111311111,1111111131
111111Ι.1”111111111 1111111 tragon, 11111 11111111 11111111 1111111
11111111 m 11111 1111111, anter 111 1111113113 (111 11111113 11111 111111
1111111, 1111111111 ⁶). Zugleich 11111113 81· 11111 111 1111111111 11111
111 menschen 1111 111 Gemit, 1111111 11 111111111111111111111.
1111101111 1111111 1111111111, 111111, 11111111 1111111, 111111 11111111, ’
111111111111111111131111. Dm, 111 111 1111111 1111111111, 1111
111 111111 111 Ζ111111 1111111111, 1111 11131111111111 werdon 11111,
11111 11 111111 1111111 11111111). 888 111 11111· 1111 1111111113

11111111Υ 11 11111 11111 11111 (1131111111, 111111 11111311 11111111 ,1111

w

¹.)81881818,18.

ι11111. 18, 18.

11,)1112113..

111111,11. .
1.)111112’1,18-2ο.1111111115 111 111-11.

11111 111.

 

