812 mmmmm· , ·

11111 1111182711111111111111111111111 uros-hom gulam
von 11111 vom 3 1111 181711111111111311111111111).111181111111111
1111111 1111 11111111 1111ςί111 1111111111111 eines zwet'seitu‘qen Vertraqe.
811 1111 11111111 11111 11111, wie 1111 1111111111181111111111311111
0111111111,11111111ς111111,1111111 11111111 111111111111111111. [11111111
1111 111 1111111 11111111. 1111 11111111111111111111111111111111111
11 111 1111111113111111111 111 ο1ιοπ1111111111 Κ111111111111 111111
gmon 11111111111,,11111111111111911111111111111111111111). [111
11111111 1111111111 1111111111111111111111 dieser 1111111 111 1111111111·
, 111111111111111 111 11 111 ,11111111111111111111111111 81111111
11111111111 0111111111111 11111111. Es 11111111 111111111111111111111-
gonommen werden, 1111 111 8111113111111111111 1111 11111111111111
1111111111111111 1111111 1111111111 11111111111111 111111111111111
1111111111.Η111111111111111,11111111111111111111111
1111111111 1111111 11111111111 111111.,,111811111, 11 111111111111111
11111113 1111111111111111111111111111111, 111 1111111111, 1111111111
111 1111111113 111· 1111 1111111111 5 1111111111111111111111111111,
’11111 111 1111111111111111111111111111 111 1111111111 811111 111,

“ 111111111111111111111111111111111111111111111,11111111111

111111111111- -111 111111 dieser 811111 nicht 1111111111 11111111.

[11111111111111 damus 111111, 1111111 1111111111 Art„ 5 und 6 111·-
Bildung 111 111111111111111 111 11ι· 1111111111· 3111111, 111 1111 1111
111 111 11111111 Ballou vorhergohonden 1111111111 111111,111111111111
111 oben 11111111 vom 8. September 1819111111111111.111111111-

1111111111 ³) 111 1111111111111111111111 111 11 111· 1111111111 1111111
1111 111 111111111111 111 111111111111111111 11111111111 8111111111
1111111111. Die 1111111, in 111ι 111111111111111 111 1111111111 111111
1111111111 Promulgatiomklausel von 111 11111111 111 ,,(1111111111111111)“
11111111111111· 1111111111111111 1111111111131111111111111,1111111111
111· 111111111111 0111111111* 1111 11111111 111111 1111118111 11111,
111 1111 1111111 111 1111111 1118111111111111 11111181111111111111111

11111111 1111111 111111 111 111111 111111111111111111111111111 111 witk- . ,Ι

11111,(11111111111 odor 1111111111) 1111111 1111111111 1111111 111111-
11111111111111111111111. 111 1111111 abor 111111 111111111111111
111 11111111111111111111, 111111111111 11111 111 111111 1111111111
11311111 1118111111 31111111111111111. no 111 111 11111111 Vm·-
11111111111111111111111181111 mter 1111111111 111 1191111111
1111111111 worden.

111111111 geht 1111111111111, 1111 11111 111 1111111111 111111
1111111111 1111111 111 1111111111 111111 1111111111 11111111111111 ¹),

*na—nn·—

11011 1111 ς. 21 111. 1.

s ⁵1²3 Βᾶ1ῑ111311 111111111111111 1827, 821111 1111111,1.1.8111111,1)111111
oe

⁸) 111111, 11 11111, 11828 5.1211111111111111111.,,111111 1111111111 1111-
111111111 11111111 1111111111 111111111111111111111 der 11111111 1111111111 111-
11111111 1111111 1111111111,11111111111111111181111111111111111111111 .
1111111, 111111111111111 gegen 1111 111111111111111111111 1111111111.ιζ

1) 811111 Lamum, 11111111 111 1111111111 8111111111 Habonius 11 solnm
8111111 gagen 111 11111111 81111111 ,,11111. 1111111111 81111111111111111111, giht
111 1111111111111111111111111111111111111111111111111111111 zu. 1111111111,

 

