00010οο0003 000 0000010 1003100003 0 10. September 1000 131

0000000011οῙ( ff· 100000000100000 100000003ου3 010 1000103003 000
0110130010 0000 00300, 000010 uberhaupt 010 (100000οο0000 000 00000-
0000000000 seeteverr'eererg 0003100000 zu 00030000 00000, 000000 00000
00000 0010000 0000010010 nieht 000 11000000 000010000 00000, 000 mie
0000 system· der 0000000000 (000010 uber 11000100 000 &teet 00 Wider-
0000οο 30001000 00001000. ’

100000 eber 001· 0000010000· 010101 000000 0100000000 000 0000000000-
001100 1103100003οπ 3030001000 000000001000 000000, 000 00 gene 00000-
000101000, 0000 00 eleb 000 000 0030000300 000 Gerrhr 0010000 0000-
0001000000 00000 3000, 0000 010100 0000000000300000 100000 0103000000 sind: .

Wenn 00001101 000 ,0000011000 00001000 010 1003000003 00000 000-
10000010001100 8000000 000 1100300003 einer 00000030 000000 000 000 ‚
00001000 001100, 00 wie weit eie denselben 01000 0110001003 000
000000 00031103 0000011000εο 000000, eo 1000001000 0000 0000100300-
00001οΙ(υο 01000 01000 000 000 1100100 000 contraherer rendere

’ 0000001000 0000 000 000000000 000001000οο0- 000 1000000000,- 000

00 010 (000000000οο0 uber die 1000000 0000000 00000000 00000 (1000030030-Ι
3000010 00000, 00 muse 00000 010 Fruge 010 0000000010000 rm Hintergrund
0100000, 00 0101000000οο 010 0000000 000000 00000 0100001003 000
000 000000000ωο 0003000000 0001000, 00000 000 000 (00000 000000
0000000 ohne 00000001000000100000 (00000003003 003000010000000 Ver·
0003 0000100000 werden, 0000 00000. Die (000000, 0000 00000 110030 000
00010000000000 0000000 werde, istum 00 3000000, 010 eine Verressung

τ 001000 01000 000 0000000000030 0000000003οη 00000000 000 00000010,

01000οοοΙ 00000 kene, 00 000 100010 0010000 (10000030 in 010 ver-

, 000000000000, 0000 000 0000000001000000 0000000300 (100001001000 0003οο000.

Ee 11030 00000 000100 00 000 110000 000 (0000000000, sich 000 0001000-
00000οο 000 1000000000 zu 00000000, weil 010000 000 000 000 (100100-
000000 00100000 0001030003 000 (0000030000εο 00000 010 000 011010 01000030
0003000003οη 000 000010 0000 00 0000011000 Verwehrungen 00000010 003000
0100 1100030000 00000300 werden 1000.

· 10 00000000 000000 en der 100000 000 000001003000001110000010 kern}¹ Ι

000 0000010001, 0010000 0100οο 0001000000. 11030000030000000 0000οε
1101000 Stehle 00300001000000 (10000001οο 00000000, 0000000030 00 0000
0000000000, 0000 000 0100011000 80001 00000000000000003000100013003
000 1101300001οω (0000000000, 001000 110000001100000 um 00 0000 000
00031100 001000, 010 er 0100 1000000000010000000010000000100010 anderen
0000100 001000ιο 00000. 0000010110 001000 0000 000 arouse. 1103100003 ,001103
000000 000000, 003000 010000000ώοί0 30300 00000 0103000000 eu 000000.

1100013000 000 010 (000000.1003000003,010000000000000000013000
01010003 0000000110, 10 dem guter 0100000 30000000, 0000 0100000000.-
0100000 00εο0000003 eum 00110030 der (0000000000 000 00 00 weit 00-
00010, 010 00000100 000 0000000003 00000000000 (0000000 0010000οο. 00010
010 1000 000000 Εοοο00000100 0000000030 10 dem (1000030100000100000013
00000000. vie 000000 000000 000 000 [0000000000 0010003000 worden iet.
1010000000.003000003000000000000000 00010010( 000 1807,000101ιο0
000 1000011010οη (1001001ιηί000 100 (0000000000300000 003010 000 000000 00000-
10000 010000 000 000 Frage 11000 000 (001003 000 000000000οη 0010300000
0000000001000000000010000100, 00000 010 010 (000000, 0000000 000 010
0100 0000000003 00000000 0000110000 30310000, 000 000 0000110000013000

 

