474 warunnam 1101111010 101010101110 v. 11. u. 111110011811.

ΧΠ. 10110111111101110111101 11111.

1101 1001011 11111011 heiligon stum 11 11101110101115010101101101
’ 1111111 11110111, elenu 111 10101 1101

xffl. Bmtsung 101 1100111111101 111111 111 101
0010111010.

1111011011 101 1101011111 101 111011110101111111, dorononiam
ffigessoffifflgffl 110111 01 101 dem mit dem 101100111011100011-

xlv. Bestollung· 111 1101010101101, 011101011011111100
111131101011 101 0111101101111110111010101.

, zum 110101010110111101 011101011001110100 111191011οΜ 10101-
0110οή010 vird 101 11100101 111 10111010110101 01101101, 11101 1101110
’ 011111 11111 1011111011 111, 1011111011 11101110101110111111101101
1111101011 11011 10111111101 1111.

11 1101101 101 [1011115113 1011100010, 1101110 101 1011101111101-
1011301οο Lnndcapitols 3011111101101, vird, 11 lango 1101011010111
11001111101011101111301 01001110110101, 101 11111101 0111101110011-
101111100111111 1111011011]οη 101101. Solito 0110 101111111111111011
0111011 werden, 10 1101101110 11001111101 1011101111101 101 neem
von der K. Regia-ung 011011 111011 1101111111οη 100 (10111011 1110111ος01.

XV. Abindorung 1011011010101 8110113000110.

1111011 1001 dom 111011 101 3010111ᾶηί301 [1010101111111 0110110-
011101 101 1011311101 810011301011011111101111111, 1111111οΚ. 110-
1101113 11 1100011 10111 101 11101 1111101110110111101 1100101.

1)οω 1111111 111 1111101111 10110101300011110101801111111101
vird 11011. 11011011101001111111111011 0111000110111001.

1111111111111-110101101.

1110 11. 1103101111 11111 1101 101 1111111113 101 101 11111011 11-
011111101101110111011111 sur 100101 1111111101 1011111111111 1011 Zu-
1011115101 110111111101110 11011 01111101.

XVIL Verwaltung 101 1011110011 101 101101. 11110101·
11111101 111100111010011111111. ·

9100101110 1011111111 101 1011113011 101 111101111101 11111101-
111111101 111 101 101111 3011110101 111010010111111 8011111 dom 11110101.
1011131111 101 11110111011111 111 1111111115 110101 1011011011,
1011 110 1101011ος111 01 101 11111111 11111111 501111011011 11111,
0101101 110 1111101111οη 101011101111301 im gemeinnamen 1101011001

30110101 1101101.

xvffl. 111111111111001111110111110101.

Bis 1101101 1111101111 101 101010110111111110111101101 1011 01
dom 1110101 1110110111 1101101, 111 81010111011111 1018111101111
1111101110101 111 1111011011011110101 1111111101 110 3010111101ου 111

0110111101 1111101 su orgreifen.

 

