32 nam 1221221112 221 2221.2212111μ22.1121222

12112121222112132113 22322112112122113 122 1121113223 1212122223
122 021222 221122221121

Wenn 112 1122122, 2122121 112121322 21211 121212222112111123111211123
1122221222111212232221222122222, 2232111 1122221. 11 12122121122213
221112 1212221123 2211311222 02122 122 1122212212 122 1.(1222112221222-
1112122 (1. 21) 221222112 221 1222222 22 221 122111 122122121122122
’111221212122 32122222 11222121211123 221221231, 212 122 112222111212112122
221212 12 122 0222221122 221121222 2212 2ο121112221222211211212221223
21121· 22 2211121222, 12212122321221222111212111322. 1122 0222112211222-
111121 11221 122 1123122223 12221222 21211 wie in dem 1 11 3222112111
122 2212112312 112211212, 21222 3222221121 12212122122 021221122121
211212 2212212121. rs 22121 12222 112 22222111212 1121123213 32121211.
,122211222 12 2122211132221212,1122111122 omassum derjenigen
Κ122122, 12222 11222 1122121122 2231111222, 22221212111211211( 11222221
122222 112 1121121213 von 1111121222, 112 vom 812222 3222121131 222221,
1122121 122 22211211322 212121221112212212111112 22221211 1222122111211
2112122 121 22122122 122 222112322122 1122222112221221 122 (1222222122
2122 21211 221212112212 122221121221211. 12 122 0222221122 122. 11,6
'vird 222 1221122112 122 1122112212122 22232322322, 2211311122 02122
2122211121, 22122 vird 222 1121211232232232121212, 1222 1121221112
112222221222 2111 122 1123122223 32221212. 112122112221211121123121223
2221 2122 122221222 1211132112 1121112223 12 121 82112222212 32321211,
2121212 2211 ’31212122 2212223221221322 (12112113 121212 112 (1222222122.
11222221 2122121 2121 112 1123122223 22211211121,’122112111222311112122-
1121121 1221112112 2121111211 2122 3232121212 1122221111 zu 2112222222, 22
1222 112 112222121112113211, 221212 122 11221122111112211122 1212 112 2123211
22121, 1221122222 21212 221213122 11211111 2221221122 [122212222212221
1232322 3211 222 1221 12111212 121 1112211112111121221211223 222221
11311121212311122 des 1222222 111122, 1112 2121 2112111 21222 2211211 321121-
2113122 02122 12122122 2212212122. ”

Es 122 1212222, 21211 221222211212211122111212312 nu 2211212211, wenn
1222 11222 2221112112 11232221 32322 11222 1221122212· 1211211221211
1112212 2212211222. 112 1212112222 221222, 22121112 1111111121 221112

1221122212 1222111211 12 122 1221211, 121 1112111121 ,221112 2222 2121221 .

’52121 11221 1221112211221212 211222 11112221, 222211112112222121212111221
1121121122, 112 112222222211 221 1132122122 112 22212122211112211222322122
2121, 212221 112211 [12222223 221 11222 122221 21212122121221 212 22232122

¹ 112 112 22132322322212222 111322221211211 122”’121ο2121223“ 112 111222

1111111111 1111 8111111121111311113 321222 2122 2212221221 1112111222
2112221121211111221121211321 2221 21112 221221 1222112223. 11112221
,2122 21121121 112 11221111121122112121221 211221 1211211111 2222121, 222122
nnn 112122 1222111121 12211121121221112212 1112 2212112112 1121221111-Ι

 

