⁴ · 1111111111111.157 ,

11111 1111111111 111 111111111111 1111111 1111111 11111111111111
md 1111111111 11111111111111111 11111111111111. 111 1111111111
strare 11111 11111· gagen 1111111 111 111111, 1111 11 1111 111111111-

111111.111111111111111111111111111111111111111111111111111111111111111-Δ

111111 11 111111111111111 111 1111111111. 111 1111111 111 11111111
zum 111111 111 11111111. 11111111 gebim 111 1131111111111111111 111
01111111 111 1111 11111111111111111111 111· 1111111111 111111 dem
1111111111111111111115 1111. 1111111111 1111111111111111, 11111 111
01111111 11111111, 11 111111111111.’ 111 1111111111111111.111111111111,1
111 11111111 111 (1111111111 111 11111111 1111111 11111111111 111
11111111, 111111111111111 111111111111111111, gegen 111011·-
111111111 111. 111111, gegen 111111111111111 vom 7. April 1,.1.
gogen 5. 1 1111 7 1111111111 (111111111111111, ’1111111 11111111 111
1111111111111111151111111111 1111111111. 1111· 111· 1111111111 1111 111,

1111 11 1111 01111111 111111 1111111111111 1113111, gibt. · 11111Λ 11 1111111, ’

ιο 1111111 1111111111111111111111 ’111 11111111 1111111111 1111111111.

111111 111 1111111 111111111111111111111 11111111111111111 111-
1111111111 1111111111 1111111111111111111 1111 1111111111 111111*
1111-1111111151111 1111111111 ,111 Stant 11111111 111111 11111111
1111111, wae 1111111111111111 1111 (1111111 1111111 111111 1111111111
lm 1111111111 1111 1111111111111111 1111111111111111111111 &vogen
1111ωό11111 11111 111 11111111 1111111111 1111111111 111111 11111
Antan 1111111111111 (11111111 1111111111111111““- 11111 111 1111111
11111111111111111111111111,1111111 1111111111111111, 11111111
11111111111111511111111111111,·1111111111111111111111111* 111
111 dem 111111- 1111 111111 11111111111111 11111111111111.111 111
11111111111111 begreifen, 1111111111 111 (1111111111, 1111111 1111111
111111111111 111 111111111111111111111 11111 11 1111111111 111111 11
1111111111, · 11 111 1111111111111 111111· oben 11111, Δ1111 111 11111111
1111111111 1111111111111111, 1111 111 111111 11111 111111 1111111 111111 ¹
11111111111111111111111 su niobem 1111111111, 1111111111111111 1111-
111, 11101111111111 111111 111111111111111 1131111111 1111 11111111111-
11111111111111111111 1111111111111, 1111111111 111 111111 Μ1111 111111-
glng. 111111 11111111 1111, 111111 man von 1111111111111111111111111
111111111111· 111111 111111 1111111 1118111111111 111 1111111111 111111
. 11111 111 11111111111111 1111 (11111111 111 11111111111111111 1111
nur genna 1111111111, 1111111111 111111111111111111111111111 11-
1111111, 111111 1111111111 1111 1111111111111111111111111 vom 1111111
1119 111 1111 5. 3 111 1111111111111111111111111111111111111111

11111 111111111111111 11111.
11111111 ¹g'rlt von 111 111111111111111111111111 111 11111-

licha 01111111 11111 111111111111111 111 §- 671 111 1111111111·

 

