Beuir, 15 511111 11511, 115115155515551511.*1151155 491

11115 5511 11515115 111 15151151515, 51115151151111151151151151
1151511111151,155 0515511111 1555111115 115 1155115 151115155111151
111 115 (15515551511511511.

25. 1151111,1. 1155511515 tudelionum, 555 15 cardinalibus, 15515115
55111151111511155, 1515115, 1111111115, 51551115 et protonotarii· 5155151515. Petit.
' neeorre et ce. 1551. 5.

Bouix 1511111511 11 einzelnen Menugreplrien 1151515511515151 Η5111-
5151511111 155 511551155115115 5111 115 1515151551151511151155151551
151111511115 15115 55151151 (1852, 115115111511 uu 11115151 151 (luein
1853), de capitulis (1852) 15 1515 liturgico (51515 11151515 1853),
1511115115 ecelesiasticis (ll Tum 1855). 1511115515 (1855) 151515
regularium (111511. 1857 1551551 1551151151 151 11111511111151 1861

5 11151) 15 episeopo 1115115 synode 1155555115 (18511), 111 sedern ·

155511511511511. Bouix 55151151 5151 11151 5115 51151115115115515,
515151155115515 1115111111 111 durch 111111551511151511111511, 555115115515

,151511511111511 111 1115555115 1151111155 1511115151155111151515151 4

51 115111 151511151 111 151115115151 55151151155151111515111515. 1151
5515111 1511111111515551151111515 1111515151151151 einzelnen 1151151,Ι
55 1515111115 1151511515 151 iim 1111115155 5151151511551155515·
155115515 1115115 111 mun 15111511515115115155515515111151511115555151
1511111 5115151. 11511 wo 55 illm hequem 151,1115115115155851151
5151155511 5151 1515111 11151 11. Bei 1115511511111 151 551115151151
8511111 15 511111 Romane 151 1111 151151 1155115115 515155515115155 511
511515 1155151111 15111115155 111511 11151,,11511111551501115“(1111·
5151 1851) 111 demit 11115155 15151515111111155 111511111151115151. -
ln 51151151 1511511155 11111515 51551151 jeiel 1515115

21115111 ’.111511115151115 liturgico 51. alerenen. 1861.

Vou 1511551151 1151115551 51111 5115 1151511511115111111151155
5111115115 1515511111 1515151515151.

27. Revue 155 55151555 5551151151111155 1111155 151 ll. l’ubbi 11.
115515. 155151115115111151515155111 1555 155 niele 11151511511511151151111.
15115111115115111115.18110 21511. 512 51 51 sqq

1111 111. 1111 151 1111111155 151111115 18110115 1111111151.
1861 Ν1. 30 und 1151 Η5111 155 1511111115 1861 11511. 111. 211.
18628Ν115121Ξ5- 1155 151 5555115115 151 1111511551511 1111515111111511151551
Wluseureluuit 155 1111511551511115151151155. von 15111555111155151, Ρ1151151155

1115111115 15151511, scheffhausen. 1111151 1851, llll. 511211 S. (11151. 311111.) '

Wir 1151155551 55 151 Τ15515151151111551,51 15111151151, 1111151511
55 dem Veri. 11151151151, 151 (1111115111151 1511155151151 151 11151-
115151 1551151151 11 111511 1511111155 zum Ν511115155,551151 1155551
151515115155 1155151 111 51151 Zeilen 111155511155151511111151.(1115
1115511115111555511515155115115511151151155515151115111115111859.
Ν1. 18). 11511151511111511511151151 111 11115115 1111151511151 Brevin,
Misseleund 11115115, 5515111151. 55111111151111515111151, 115051-
51115155111555, 111511115 1515111515111111551115515, 115515115515 111
11151511551111515 115115 1555151151. Wir 51511151115511151511115151-
15511115151111115151151 1151 151 8511111 1511151115511555151 151151
Α11111151111511111511151 cinericium 1151111511 151 11511111, clere 11111 151151

 

