. mmmmm 1811111. 181111111111111111111118118111111. ’405 ’

1. 1111 1864 1111111111 1111111111 81111111 1111111131 11111111111111
111111 1111 111 1111111811111 111111111 81111111111111811111111111·
geenne 1111 111 81111111 1111 111 11 111 111. 18 111 1811111
(11111111 1111111111181111111111 11111111111111, 1111111181111 111111
11111 111 1111111311, ze 1111111111. 11111118111111111111111118111111
8111131181, degegen 1111 1813111111 (11111111 1111111151111111, 11
811111 111 Beetlmmeegee 111811. 18-17 11128111111111111 (11-
111111 11 1111111 1111111111.

1116. 811111111111 811111 eder [1111111111111 11111111· 1111111
111· 8111111ςί1111 111 11111 ergeuen 111111 1111111111 8111111111 111-
1111111, 111111 1111111111 111 111111. 111 111 1111111111 1111111111
1111831111111· 111 1111111113 111 8111111111111111111111111111111
vemendung 111 lette-egnisse desselben 1111111111 11 11111111. 1111111
111111111111111 1111111, 1111111111 111 111 11111111- 111 81111111111
1111 1111 1111111111 111111 ’81111111 1111111111

11111111 mit einer 111111 11111 11112881111881811131111111
81111111111111 111111 1111111111 Μ111·11(72 Β. 11. eol. stuttgart 111
11111111, 1111111111 111 4. men 1861) 1111111111. 111111 111111111
8111 111 1111111111 011111111118.5-42),1118111. 2111111111
1111 1111111111 111111 der eumentes· (111 111 111 Vertreg 11111111 1111
1111111111111111111111111 vermer der Regieruegegewelt 111 dem 1111111-
111111111111111111311 1711111111 111· 111111. [111111111111111111111111
1111111311, kole Suetevertreg 111 1111118111111 81111,111111 11-
geeeleleeeee 1111 einer 1111111111111 111181111111111111118111111111-
111 111111(1.11-11).11 81118 1111 111 811111111111111 1111111118 (8
54-78)1111111111181111318. 71 11. 111 1111111111 Ι11111111111111
1111111 1111 11111111811111ζ1111. 11111111. 11. 8. 87 11188111111111
81111111111111111111111 111 1111111111 111 dem 8111111 1111 1111111113
11811111 111· 11111111 111-1111111111 111 811111 sur 1111111111
1111111111 12. 111 1811111111864 1111111111. 1111111111 111111
111 Wiehtigere 1111111 (118111111111111111111111) 11111111 1111111111.
11111 1111111 111-1111 2. ⁰¹1¹· 111111111 1111111 111111111111111111
1111111111 1881 111. 68. 58. ’

Det 111. 1111111111 1111111 111111 neele voe-lege 111 &mesent-
1111111 11 111111111 8111111 v. 28. Febr. 1861 1111111111, 1111 men
111(111111111111111111111111111111, ohne 111111· einen 11111111 8111
111 vergelegten eeeeeeeetvurf 111· 1111111111 1111111111. 111-1111111111
11111 111 lenge 1111111111,,1111 0111111111 gene 1111 1111111111 111·
111 1111111111· 311811 Ν111 1111111111 11111111 181111 wider 1111111 111

’ 111111 1111111111 (egl. 1111111 11111111. 11111111186111182. 81111-

1111811111111111181.11111861Ν1.18)11115111111281111-
11111 1131111111. 81111 Ketheliken (Probet 111 8111111) 1111111111
ἧιῐίέἱωὲοέῗω haehae: coneordat 111 1111111111 111 12. 1181111 111

Am flennteg 111111· (10.11111)11111·1 111 Ι11111 1111111111111111
11111111 1111 1111111111 81 1111111 1181191 11 aeine evenqele’sehee
111111111111111 81111111111111111111811111,111111 11111111111111
enter 111 1111111111 113111111111111 1111111111111111111111111-
111111111111111111111111.(1111111111111 11111111. 1111111 1881 111.
81. 811111.8111111111.111.11.) 1111111111 1111111111

 

