111111 1111111011111111111111111171115111111111111111111 133

11. 1111111111 111111111111111 1111 11111111111118111111ς Ι
111 vereinigten evangelisoh-‚protostentinohen 111111
11111111·11111111ιι111 1111111.

571111 11111111111111117111-111111111111111 111 111 111111111-
ξζιΐειίἱιιιίιέἕιὲιι1ι 111111 111 1111111111 11111 71371311111111 1111 111

11111111111111111111111111110111111111311111111. s ⁵

5. 8 1111 1111111111111 1111111 11111 111 11111111 111111111-
1111111, 11111111111 111 111 17117111111111111111111111111111111 1111
1111ιιιι1ιιι 1111 1111111111 111111111111111111111

7. 111111 1111111111111111111111 111 ιι 811111 11111111 1111111,
1111111111 111111118111111111111111111111111 111111111311 111 11111

von 111811111111111113 11111111111 111 (1111111111 11111 111311-
ἱ1111111111 1111111111 1111111111 11111111131111111 1111111 ¹)

1111 7111111111 11 111111 111111111111 111 113111ιῆ1118 11111 1111
1111111111 11111 1111111111 11111111111111111 Vorbildung bedingt.

1111 Umsnng 111111111 und 111 111111 1111111ιί111 1111111 11111
11117111111113 1111111111.

511).1117111111,1111111111111111111111111111111111,1111

. ιι 111 gmon 1111111, 1111 11111111 1111111111 1111 111111111 0111
¹ 3111111111111, 11111ιι1ιιι1ι1ι1ι1111111)1111111111111111111817111,

11111311111111111 1111113111 1111111 111 111 stantes 1111111111.

1111 1111111111111 111 111111111111111111111- 11101111111113111 ·
11111111 111 111111111111 (1111111111 1111111111 1111.’

5.11. 0111 Gonehmigung 111 81111ιιιςῖιιιις1ιιι 1111 religiosor
ῗτῇἕέικῖἰιὲςοιξέἒιῗ und 111111 11111111 11111111 11111 111811111111 011111

111111 1111111ιί1111 111 1111111111111). ,

χ712. 1111 11111311111111111111 1111111111 111 11111111 111
11111111 1111 1111 1151111ιί111511111 11111111111 1111111111111111111-
111311111111111111-1111111111ιιςιιιι111111. ’

1111 11111111 1111 1111111, 11111111111111111 11111111]111311,1111111
1111 1111 3117111111) Β111111111,1ιιι 11111111111.

51311 11111 burgorliehen 111111111111111111111 111111111311
111ιὲπωῖἑί 11111111, 11111 1111111111 111 1111111 111 81111131111111 ·

111111 711111 1111 111 11111 7111111111 1111 11111 7111111111111
1111311111 11111111, 1111111111 111 Ηο1111 111 111111 11111111111
81111131111111111 1111111111111111111.

-u--t

’1111111111 8111 111 5 9 111111 ιιι 6111111111111111 ,,Ι)1111111111111111
111111111111811111, 11111111 11111111111 1111111111111111 11111111 111111-
111111, und 1111111 1118111111111111111 1111111111 1111113111111111 111111111111111
Bezlehung 11111 1111111111 1111, 1111111 1111111117

²) 1111 11111111111111111111 „etwalger anderer.“ A ’

¹) 1111 111111 8111 1111511 1111111 111 1111111111 ,111111111111111311111111
1111111111 11171111111111 1111 7111111111 1111111111 1111111777*

 

