176 1111111111 1111111, 111 11111111 111 cuneorum.

1111111111.

me 1111111111 11111111111111111 ὗ).
11111111. Dr. 1. 1111111. 11111111 1111 1111111 8111 18111. 11 S. 8.¹

, Die 111111, welche 111111111111 17. September 1. J. im 111-
1111111 1111111111111111111 0111111111 1111111111, 111 11111 11111111
111 81111111 111 111111 111 111111, 111 1111111 111 1111111 1111111111
111 1111111111 111 11111 111 111111111111-111111111 111 1111111111
' 11111Ιί111111 1111111111111 1111111111 1111111111 in 111 ’11111-

111111 einen Widerhnll gerunden, den 111 1111 1111111 111111 11111 be-

1111111111, 111 1111 nn dem 11111111111111111111111, nm dem 111
1111111111111111111111111, 1111 111 111 11111111111111111111
1111111111 111111 111 ,11111111111011111111111 11111 11111111
111111111111111 111 111 1111111111 1111111111111111 111 11111111-

mannen 11111111111111111111111111 111 1111111111111111111 11111-

1111111. [1111 111 1111 (1111111111111111 1111111111111111111111·
1111111111 111 111 111 11111 (111111 111111111111111111111111111111111
benennon 11111 111111111111 11111 11111 gennmmen3 1111 men
1111111111111 1111111, 11 1111111111111111111 1111111111· 111
11111 111111111111111111 1111111111 11111 111 Ι(1111111111 111 111111
1111111111, Ee 1111111 111111 111111,,111111111“ wie 11111111-
1111111111111111 1111111, 1111 eo 1111111 111 111 1111111111 111.
11111111 111 11111111 111 1815, 111 11111111 1111111 11111 1111111111
11111111 11111111 11111 11111111 1111 unser 1111111111 111111 81111111
1111111111 11111 11, 1111 111 11111 1111111111 eu 1111111111 be-
1111111 11111111 111 111 11111111 111011111111111111111111111111
111111111111, 1111111 111111, 111111 111 11111111111111111111-

werthe orande 1111 11111 11111111111111111111111111111111111111111
worden 1111111 111 11111 11111111111111111111111111111 111 Gon-

1111111 111 111111 Geeegte 1111111 111 11111111 111 1111111111 1111111111
,1111 11111111 11 derum 111111111Ιί1 111111 1111 111111111, wie 11·
11111111 111 111 1111111111 111 Τ1111 111 (1111111, 111 1111111111

111111 111 (1111111111 111111111111111111111 1111 1111111111 in
0111111111 111 11111111 nn den 1111111111 1111111111 111, 1111111111
1111111 11111111111111111 111 11 Falle 1111111111 111 1111111111
11111111111111 11111111 11111, 1111111111 1111111 111 Punkt den
11111111111111111111111111 11111 111 1111111111 11 11111111
1111111111111 1111111111 1111111, ob 11111111111111111111111111111
1111111111.111111111111111111 1111 1111111111111) 1111 1111111111.
nonenoeane 11111 11111111111111 111 1111111111 in 11111 1111111111
111 111 111.1111111111111111111111111111111111111111111 [Iegem '
1111111111,1111111111111111, 311111111111111111. 1111111111-

1111111 zu 11111111,11111111 11 111 111111111Η1111111111111111-

1111111111. Η111111111111111111 unser 1111111111 11111 111111-

11111 111111111111111 1111 111111 1111111111111111111111111, nudem
111111 1111111· 1111 1111111111181111111 11111111 reden, und 111
11111111111111111 111 11111111111111 11111111, 111111111111111111-

unu-h*-

⁴⁵) 1111 111.111111118.1171.,111 11111111111111111111111.1111111111
lemanna 111 1111111111 11 0111111111

 

