. 118 111111111111111111111111111111111111111 ·

11111111 11 leur· 11111, 11 11111 11 11111111 1111 111 11111111111111111,
verder 1111 111 Art 1. 3 1111 1111111111.

1111111. 1 111111 111 1111111111· 11111111 111111111111 11111111
111 1111111111-1111111111111 111 gibt 111111 11111111 d· 1111111, 111
1111111111-0111111111111 11 1111111111.

Der Art. 3 1111111111 1111111111 1111111 1111111111 111 fleo·
111111 ord 1111111111111111111111,

Der Art 5 versstgt 111111,Ι.11 hospitor 111111 1111 1111111111
1111 le jouiseenoe 11 leurs 11111 11111 111111 et 1111111111 1111111
root duee 111 11 111111 111111 11 111111 1111111111111*

Der 1111111111 111 111111111111-11111111111111 rom 13. 1111111111
1. J· 1111111111, 1111 111 1111111111 1111111111 11 einer 1111111111 1111111111
[1111111111 dorth 111 einen 1111111111 1111111111 1111 ohne 111111·-
11111111111111111111111 1111111111 remordet 11111111 sotter, jedooh
11, 1111 1111111111 1111111111 111111 1111111111111111111 1111111 werden.
1111111111111-(111111111 vom 1. 11111111111111 xffl. (tt. 1111 1805)
11111111 11111 1111111111 ele 1111 1111 1111111111111111111111.

1111 oenoe 1111 11. 111111111 vlt 1111111111 17 11111111 111111-
111111111111 1111111 1111111111 der Ηοι1111111μ-Ι111 11111111111111
(1111111111 1111111111111,11111111111 1111111111 11 111 nogentem
111 1111111111 111 1111111111 1111111 111111, valete 1111 1111 111111
11111111, in 11111111111111111 wieder 1111111111 11111111111111111111
(1111111111 23 1111111111· 11111111 (11.1111 17111) veletren 1111111-
11111111 111 111111- 111 1111111111111111 11111111111111 mit 111 11111111·
1111111111 1111111111111 1111111111 1111111111111111111111111111111
11111111111111111111111 rur 11111111111.-1)111 1111111111111
1111111111111111, 111 11111111111 11111 1111111111 0111111111 su ent-
1111111, 111111 1111 111 11111111111111111111111111111111 111
et 111 1801.

[1111111111 von 1111 111111111111 worden 11111 111 (1111111111
7 1111111111111111. (27.1111111111179111111111111111111111-
111111111111 (11111111 de 111111111111) 1111111111 11111111111111111

- oter deren 111111111ὶοὶ1 111 Adminietrettoo 11111111. 11111. 1111111

111 1111111111 1111111111] 11111111.. 111 1111111111 111 11-
11111111 oerore 1111111 1111111111 111 111111- 1111 111111111111111111
111 8. 111111111111111111. (31. November 1803) 11111111111111 111
1111111111111 11111111111111 und 1111111111111111, 11111 11111111
11111111111111 vor.

„Per 111 1111111111 Repporte 111 1111111111 1111111111111111-
1111111111111111111111111111111111 11 111111111111 11 1111111111 111111-
1111111 existentes 11111 11 Deportement 1 111111111111111111111111111
11111111 1111 oe 1111111111111111111101111111, 1111111111, 0111111111
connumeremur 1111111111111111111111 11111, 1111111111
11111,11111111111111111111111111111111111111 1111111111.1 1·

111 1111111111 111 111111 die 111111111111111111 1111111111 1111111-

’ 11111111111111111111111111 der Armenverweltunger teetgeteleen. ltin

Kotoerlioheo Deoret vom 7. 1111111111 111111 1111. (1111111111)
1111111 1111111 ethere 1111111111 11111 die 1111111111 11111111111111
der 1111111111· ord emoverem, 1111 11111111 111 eret-nr

 

