24 1111111111, mmmm

n· 1111111 1111111111, ’1111 111111800111111111111111111 m 11111111,
Ι vio 1111111111 11111111 11111 11111111111111111111 11111111111111111
, 31111111111111. 1111 111111 11 1111111111 11111111 111111111111 81111111,
11111 mun gewissormusson von uosougebuugmgen 111 111111111111
1111111111 1111 Seite 11111111 111 zu 11111111 gibt, 1111111111111111111-
111111 11111 3111111111111111 111 mit 111111111111111, 1111111111111111
gunt 1111111111 111 Boi sogonunnton confliotsffllen 1111111111 dom
1111111111] 111 11111111111111 1111111111 111111 111111111111 1111111111,
1111111 1111111111 darauf 1111111111, 1111 1111111111, 1111111 in 1111111111
comiato 11111 11111111, 111111111111111111111111111111111, 111111 1111111,
11111111111111 und 1111111 11111111 111111111111111111111111131111, 11111 111
111111111111111111111, 111111111111111111111111111111111111111111111,

1111111 11111111 111111, 11111111 1111111 1111 11111 11111111 1111111111 1111111111 ³

1111111111 Ε1111111111111 11 1111111113 111 111 (11111111 1111111111
· 1111111, 1111111111111111111 111 11111 1111111 tritt, gevissor-

1111111 11111111111111 111 011111111111111111111 1111111111. 1111111111 ἵ

1111111 fragon, 1111111 11111111111111 1111 3111111111 11111 11111111·-
1111111111111111. 11 11111 1111111 man 11111111 11111111, 111 11111111 go-
111111 1111111. Professor 1111111 1111131111 1111111111 1111111111 111
1111111111 Sinna· .0b0mgierungsrath 0111111111 1111 kann 1111111111
111 11111111 1111111, 1111 111 Stant, 1111111Κ111111111111111111111- 1
1111111 viu 11111111 11111 11 1111111111111 111111 1111 11111111 1111111
muas, in 111 Lago 11111111 1111, Ι1111111111 1111111111111111 111111-
111111 1111111111111, 11111 11111 11 1111 11111 111 1111 burguli&
giltige 1111111111 11111 111111 11 11111 111 (11111111 111 eino
obligatoriam 11111111111111111111, 1111 11111111 111 111 smuburgom
111 01111111 als 1111 1111111111 111111 1111111, 11111 1111111111
Ι11111 11111111111111 hitto, 11111, 111 11111111 111111111111111,11111
von 1111111111 111111 11111 01111111 111111 111 (11111111111111111111-
1111111 1111111 man 1111111 11111311111113 1111111111 111 11 1111111 1111
11111111111111 Trnuung fulgen. so 111111 111 811111 1111111111,Δ 11111
1111111111111111111 1111111111 11111, 111 1111111111 111 1111 1111111111
1111111111111111111 1111111111 3111111111111111111, und 1111 111111
Ι11111111.1111111111 1111111111111, 1111 111 1111111111ίί11 Eho 11111111
111111181111111111111111. Der 11111ςωί1111 1111111111 111111111111111
111111 11111111111111111111111111111111111 111 11111111111111111111
111111111111111 111111111111111. 1111011111111111111 1111111111 1111111111
111 (111111111111111111111 nieht 111 111111111111 ’11111111 1111111
1111111 111111111111111111 111 Regia-ung 111111111111 11131111. Dic
suntswgierung 1111111 nur 111 11111111111111111111111111. 111 1111111
vird 11111111111111311111111 11111 1111111111111.

 

