55151111 111111511511151111 1511115 151 1111. 151111 111. ete. 429

5155 man 151 85115 555 8115155 1515 5511111515 5151511555151511 51-
155515, 155 5155551 Ζ5511555 55115155551155 55151 51555111111555
8511111 15115555155111155. Das 1155551551 vom 18. August 1855 5111
5515 551151155 555 151551115151151151115155 vom 551155 ’115 555 515 ,
5155111515 Breve vom 515511. 1855 51155 51555151115151515551·
555. 15511 [111151 5151, 1515115 5515115 35. 1511511 1819 waren 111
11511511 5511111555115155 515111551511555155555 51155555 555 ,15511551
51151511551151 1515551 1115515, 151551 ’551515511555 5155551, 555-
5515 51155111 11115 1515551155, 5555 515551155 15 551 [511555 11151 ’
11151115155 515515555151155 1151115151 waren, 515 51111115155151111515
115 551 815555 51511551 1511 ’

1155511115 51511 515151151115, 515 555 1151151155, 1551 555 11515-
5115155 515 15115 11511511 551 111515 5555155, 515 5111111 5151 5151151
155 5515 1151515555 111 555 55551 55181151 5551 515 Κ11515 151151-
55111151 gemacht 1551555 155555, 5555 5155 151 55511515511515115511

einer 155155 1511155555 15155 11555, 1511 (1555111-8555555 515115 zu ,

811555 51 11111555, 555 5515111155 1155155511 555111151551551151511515
5155 1115151511 1151 515 115555 551 111515555111555555151115 51515155
151, 1511115 551151 551 51111155 555555, 155811115555555155515515511115 ,
oder 55551155 11151551511555555 nu 55111155, 55155 55551515 5551151-
155551555 555 5551115555 555 55151 515 5515111155550151555 11151-
155555 111515, 5155 5511 1515151155 11115115 1511. 111511115115515 1111515
551115, 115 555551, 5115515151511151555555111555555151, 5155155
15515, 1511111551 1155511 15515 15115555115555551511555555 151, 555-
551155 11555510511511155551515111555, 5515111555 115155115155 55555-
11151 515 551 515115 5111511515 51515115151115, 5115515551551515115-
5515511151511, 5115 551515515111511555 515 5551555511 555 1511111555
5555555, 551515 1515 5155 1511151511 1151115. “ ,85151155 551 1155151155
1511151155, 1515515151515Α5151111151515511515515.“ 1151151151155155
1111515 5555511151 war 1515 5555151 1155, 515 5515511515115515555
515555511555, 555 5515 5511111551151111551 515555511555151155 551·
1515115155 1111515, 5515151 515 515151555555 15111511551551115151-
111555 555 51 55115155551511, 5551555151555555111511551151151
551515111555 1551555155 15 5551511151 1515511 551515155, 11555 151
85151511 51555 (11555 551151555515151155555 51511151515555 1555,
5555 man 111 115511 555 11115 11511511 15 51551 Zeit 5551115515, wo
1555 55551 151551 11511511 5151 1155551151 15151515. wiredus 11151-
sterium 5551515 515111551555111155515511, 515 11511511151155151155, 15
5155155115 115 (1555511511 115 1511551555 1515551115 555 1115515111ιεί5
5115511511, 5551 mit 551 11511511 551 11115115 551 551155 55511511 555
15151515 1111551151511511511 155151 515 155151 1155511 551551 warde.
11155 555551 15115 5115 5151 151 151515555 551 11511511 51111151 115555,
5155 55151 515 coneordat „die 55511581551155511515 5515511511 151.κ
Ι,11115 51115, 515 5511511. 15515111, 5551 111 555 111511111151155 515
1515 (11115115. · ’

155 5551511551151555 5151 515555 15511 5511 551 15115555· 551
151515151555 555 (1551515115 51115515 Patent vom 8. 55111 5 5. 55
11555155 55111511155155 11151 555 55151 mit 15151151 111115, 5155 555
Patent 5551151551551511 walt 111511 5551111 111 555 1155551511 555
1111151155. 15111 15151 51 511 (1155155151511 551 1115555 555 8115151-

 

