1111111111 01111111 coneordat 1111 1. regeneror. 171

11111111· 11111111 10111111 11111111111111111111111111 (111 11111111 111-1111181111
111· 111111 11 1111 111111 ,1111111111111111111111111111 111.. 2 111. 111111. 111
P. mn 61111, 1111111111 1810 8, 1101111111 ,,11111111111111110111111111111
111111111111110111111111 1111, 111111111111111111, 1111 11 11111 111111111111

1111111 11111111 111111 11111 11111111111111 1111111111 11111111 111111111111111 ·

1111111 1111111 111111111111, 111 11111111 11111111, 1111 1111111111111111111111111
1111111 11111111111111111111 konnen, 1111111 11 1111 111111111111 1111111111,111 ’
111 oen 11111111111 Polen, welehe 111111 1111111111111111111 Entello den
Coneoroete 1111111111,111111 cherson 111 1111111111 1111111111 0111111111 111
seminar 1111111111 werde, 11111111111111111111111 111 1111111111111111111, 111111
11111 1111111111, 11111 1111 nene onseoreoooog 1111111111. 01111111111111111
111111111111111, 1111 111 1111111111 11 floren 01111111 111 11111 111111111111111
11111111111 orgelegeooeloen elogeeo'oornt 111111, uno 1111 111 1111 1111 11111111,
111 111111111111 1111111111, 111 0111111511 io 111111111111111111111131111111111·
1111111, 11111111 Jongnnge 111 111 1111111111181111111111111111111, 1111111
Beros 1111 1111111111 11 11111 1111111. 'Nece 11111 111111 zugeninonom 111111111
11111111 11, wie 11111 eoo den 111111 1111111111111 11111111 111 0111111111
11111111 11111.11.1.11111111 1111 111 11111111 1111110111 1. 1. 11111 18181

‚sternentem ecrteee'oe coero“ (Aeto Pie· 1111111111 11 typographo bonerum
1111111 1858 Τ 11.131)..,1)111111.1111111111111111111111,111111111111111
111 1111111111. 1. 0. 1111111111) 11111111111111111111 111111111111111·

erkeonoog gerunden, 111 dese 1111 11111 111111 111 1111111111 1111111111 11
111111 1111311111, 11111111 1111111 1111111111 Beroen 111118111111111 1111111111
1111111111111 1111111Ι 8111113111 11 111111111111111111111 111111 1111111111 1111
11111111111111111181111111 111111111111111111111111111011111 11111111111111Ι
1111111111 111111111111111 111 111111111111 0111111111111 111 Veroeeoernog
1111111111 1111111111 11111 1111111111 11111111, 111111111111 111 111 noter
111111111 111111111111111111 11111111 1111111111111111111 111 111111 1111111111 1111111
1111111111111111 11111111111111 11111111, 111111111111111111 1115111111111
Em 111 1111111111 1111111111 11 1111111111111 111 ,1111111111111111 0111111,
1111111111 111 0111111111111 111 ‘eversor 1111111111111111 1111111111111111
01111 en 11111111111111111, 8111111111 11111 111111 1111111111, 11111111111111
111111111111111111111111111111111 111 1111111111111 Religion, 111111 111 Ponet
1111 111 1111111111 11 11111ῆὴ1111 reuomente 111111 onor 1111111111 11111111
Unierhoodlnngen 1111 1111111111 fiber 1111 Erwelterong 111 1111111111 1111111111,
1111111111 111 11111 gehon, ι1111 111111111 nu einen Ergooolos [1111111 hohen.
Dee concordet 1111 1111111817 111 onor 111 11. November (11. November
geleehieehen seyle) 111111111111111111 1111111111 1111111 111111111“1111111; eber

111111111 mugnone 1111111111 1111111111 einiger 11111111 (111. 1111111111 1111 ·

11111111 11111111 11111111 general. 1111. 111. A. 11111131118131. 101 oq. not-
gothessren ,1111111111 11111111111 norom 1111100. *mee-ner 18181, hoe,
111 1111111111 111 01111111111 1111811111 der 111111111111111111111111111111- ,
gang gehrbt. 11 1111111 1111111111 11 1111111111 ond Po¹en 11111111111111111111-
oetieonogenoer 111111111111 11111111 1111,’1111111111111110111115111111, infolge
1111111111111111111111111111111111111111111111111111111111, 111 11111 1111111111
1111 1111111111111111. 1111 ng! 11111111 1111111111111111111111111111111111111·
1111111111111111. Archiv, Bo. v. s. 300), 111 111, 1111111111 Uenerem 111111
111111111111511111111 J. 1782-1858 11 11111191111111111111111119 1810 111 1111111
uno 111111 (o. 11181111111111111 1111111111“111111111111 18101111, 1111.) 1111
toronen 1111111 111 111-1111111131 11111111 Dioge 11111111, 1111111111111111111

 

