402 warunnam 1111111111 111 0111118111. 8. mu 1817.

1111111 pamm 1111 1 1111111111 1111111111 0111111111 mit
6111111011111. 81111111111111.), v. 1111111111, v. (1111111111

(Proust.) v. 11111111, v. 11111)1111188111111(811111,111111. 1111111), 1
1111111111. mne von Probat benntrngto 11111111111111, 1

1111 111 1111111111 11111 111111· 111 0111111111 1111111111 111 1111111111
1111111111 11111, 11111111 111 111 1111111111 111 81111111. 111 [volgo
111 11111111 111 (1111111111, (111 (1111111111 11111111 1111111111 suat
11111111, 1111111111 1111111111, 111 1111111111 um flmtworlogon
1111111111, zu Art. 5 111 0111111111, 1)1111111181111111111111
11111111111111 01111111 (1111111111 11111111 1111111111 1111· 011-
1111111 111 111111111. listis), 2) 1111 11111111 1111111111 §5-
27, 131 111 112 111· 8111111111 11 1111111111 0111111111 1111111111
1111111111 1111111111) (1111111111111 von finger, 11111, Probat,
811111111111111111111111111111111111111111 sarm) 3) 11111.
911111· 1111 Μ1111111111 111 (1111111131111111 1828 111111111Ιί11
111· 8111111111111111 111· 1111111111 111 1111111. 11111111 (1111111-
stimmung 111 v. 01111111, v. 11111111, Probat, 1. 11111, 81111111.)

sancey orgum 11111 11 der Einleitung 11 111 1111111111 11-
111111 111111 1111111111 (8.1-22) in 111111111111111111111111·
111111 81111, 111111 111111 31111111,,1111111111111111111111111 ver-
thoidigten‚“ und 31111111111111111111 [11111. nu 111111 1111111111
11111 11111111111111111111111. 1. Β. (S. 11) 111111 »1111111111 11111

’ 1111 1111111111111111 11111111111 111 1111111· 1111111111 8111131111

anderen widorlegung 1111111111 wir Hm, 1111111 111 111 1111111 1111
11111111 11111111111111111 Β1111111111111111111· 111 11111111111111111111

Ammona 1111 Ρ111111Ρ111 IX. 11 11111111111111111111 (1111111111 111 ’

Archiv 111. 111 Β. 5101.) 011 111 Hagm- 111 111111 1111111111
mag ο1191111111 1111 111111 , 111 11111111 111 1131111111 11111 11-

1),111 1111111111 8111111111 111011111111,111111111111111
111 1111111111 (1111111111 1111111111 1111111 1111111111111111111111
11111111111111113111111112111111111 111111- 111 11111 11111111
11111111111111111113111111. 3. 1. 111. d-g, Art. 5. 111. 1, 2, 1.,
Art. 6, 7, 8. 111. 3. Art. 8, 10 111 (1111111111 - 111· 1111111111111-
abnohiedung 11 1111111111 111 11111111111111311111111131114
1111111. (ὓ1111311111111 Ρ1111 1111111111 1111111111 1111 11111 111
Art. 1 lit. 1 110111111111 111 1111111111 11111111111111) 2) me
K. stantangterung 11111 Hlnwoisung 111111 111 111 11111111 11111111
1111111111113 111 11111111 81111111111111 (ς. 1101111111-11111.)
11111 1111111111 1131111111 111311 1111111111, 111 1111111111 111811-
mgnngen 11111. 1111111111111 11111111- 111 8111111111 111111
111 18. October 1859 11111111111111111111111111 convicto 11 1111111
1111111111 111 Tfibingon 111 111 11111111 in 1111111 11111111. 8) 11
1111111113 111111 11· 11. 8111111111 111· 1111111111 1111111-
111111111 1118111111 11 1111111111 81111111 (111 (1111131111 11111-
11111111, 11 (111111 wege (11111111111111111111 111111111111111-

¹) 11 111 811111 111 11111111 v. 1. 11111 1811 11111111 1111111111. 11111111

1111 berem 11111 111111111111111, 111111 1111111111111111111 111111811-
1111111 1111111111 11111. - ’

 

