64 333331 nominatum 333 3331. ι. 33311313 v. 22: 1131 1830.

333111133 333133313333 3333331333, 13 313333113133333331111, 333
313 hat 313333 3333311131 113313111131 333 1313131133331133 11133 313
1311313313 1113313 33131 313 33331313 33313133313333 333 131333
3133113133 331133 Provida solemque und 13 33313131 gregis 3331331333
33 313 33331 31313331313333333 mit 333 3331333333 333 31331313133133
111331333133133, vorant 313 Verordnungnn vom 30. senaar 1830333
vom 3. Min 1813 1313133, 3133 3113 3333333333 333 331133 333
313333 33333111. 11333 13333133111313 131133 31333331 3333333333-
33333 113131333133333 333 3311331333331113313333 113333331333333-
13333333, 133333· 313 113313333333, 333 313131313133133 1113133333333
dem 3133113133 313113 3333311133 113313111131 313333 1131133 133311131-
133333 3133331333, 313 333 3331 113333 1133333331 333 113 pridem 1133
11333133 Pius v111. vom 30. 1331 1830 3333311311311 1333333311.

1133 333 113133333313131331133333333333 gagen 313 333 333 33331133
11333333 133311333333 333333333331313133 333 313 13313333, 3333 fur
3133311313131133313133333113333 333133, 3131 331333 S. 67 333 1131-
,1333333 zu 1333133, 3333331133333333333, in 3313131331133333333
3333333333, 33333331 313 1133331313 113 3331133333333311111333131311
31331133, 331 1133 33131333 9393333313 3333133333 33313131 333333
111313331311 3333131333333 331133. 1113 13 333 31333333 3311311333 Βο-
33133333 1333 31311313 3333113331 gulten, 33 31313331313333331113331
3333113133 313113 3133333113 1331133333333311311, 3331313 3331 11333
113133 333 3331 1133333333 1131331333333311131133311333331333313131
333 13113333 31313 333 3133133311333 313 133133313131311333311
33311311133333311 333 111333 311313 3331113313 333 allen 1133331333 3311
dem 83313133 3331331333333 3313333133 worden 3133, 33333333113 3133·
rur 313 13 333 3133131331313113311311313 31333113933333Βι31133333333 313
1133113 331 1133133333 von 333 (133331. 1133131333 331131133333 Art.
xxm. 333 131 der vorlago 333 (1333331133 13 333 1133333313 333-
13131133 333· 3333131 worden 3133.

113 1313331 313333 Lago 333 3313133313 3313113333, 3333313333
1333313333 111113 333113333 333 313333311333333 Weg' 313 11331113133
1311131333 33331 3133 133313133333 mit 333 3133313311133133333331133
regola, wieder 3331333333 13133. Es 131 313333 um 3333133313113333,
313331 weil 3331 33313313133333 11333313 313333 33333 11333333 33-
313131 das 333 113333 1113 3131 311313 3331313333 01333313131133331111133
313 1113313 333 333333333113311 333 113333, 31331333113133 33 3311133333,
33331 33313133133 333133313133333 331313331 33133, 333 3333 well
. 3331133331 33131113 von 331133 der verantwortlichen 111113 der 113333
33131133 worden 131, 331311 33313333 333 3331313333113 1133133333131
Ι3333331311333331133 ausgosprochen, und 13333 3331 3113 33313113333131·
31333 1133311333 11331133 3313331 1311333131313113333313333333331133

 

