m s Wtrtetnbttg. mum 161 emma,

161111611611616611161166 16161616116113661161161666 61166. Probet
161 111611 111116111166 1166611616616.0661616161’6. 166116116616
11611616 111116 11166 lingeret 1661111111 11666111 111 161 6111161· mit

11666661161111161161661611161.Ι).1111111661 111 17111111. Z. ἒ

111. 208)

Am 18. sunt 1661 gtng 166 11 stuttgart 6616661166 commissionu-
mitgliedm 161 2. [16111666 116 1116661616 zu, 116166611611. 1166161116
661666611166161166 11661 ’116 Conpordntsnngelegenheit 11 116 1111611666
611116 66161161 111 111666166 soll 116 116666116666 6111166 661666 166
111611111666116161661 13. glani 186116 ..66666 411) 6666616111166166.
(11116161. 1861111111) 1166166 6161611 111 661111 11116611 666
111ΐί666119 611661161661 166 16661 (161116611161616 6 6611611, 116116
111 (161666 11666166 gemgt 161, 1116 16166116611161611166616611116161
1166661666. 1166 D. 1611161. 111. 163 6616616 6166 0611666. 666 1161166-
6119 1.111.6111,1161616 61161611366011661611116116 16116161 einer
6166111661 1161111616 116 (16616116616116 1611661, 1666 11616661 166
611666111666 0111661161 16166161661161 661661166666 161. (Μ. vgl. 1666
11116661161161666116166611861, Ν1. 168, 116111. 111 1111160611

1..66166666) 1116 0111161161 11111 111 urunt 1611611611661111661116
161-166611663611166 1616161161 (161161666166111611 16161661, 1666 611611-
16161 1163116166161161 161 611616 1661166116166 6666666616316166166
61111611 11611661Ι 116 1611611161 1161166 66 116 66 6116116616 1166616·
166116 6111161 1611 111666111 16111111111166 1166616661 1616166116 611
1161 66661166 1116616161 1166616 1116166 661 1116666 111·Ι 1111111166
6166161116. 6616 gut 16116 6166 11 1611116161 6661611113 66666 1611661
616111 D. 1111661. 1861 111. 117 611161661161 11111161 161 Any. 616.
1663666166166, 6661 1611 161. 111 61111116 61666 16116111161166 6111-
316166 161111161111111 1612. 0111111116 166066661111116116. 111666
stimme 6611161116 611 66111166 6611 gut: ,1116 (1611611161 111116 111 1116
116116116111166 616111116166 worth 616 616 161 1116111616 1161116611
0611116616 66361666666 116161616111 116616 1111116 1666 1111616616
Vorgleioh5 11161Ι 11611116 1661 611116 6116 116166 166 616661666661
16611661 611116, 166 16166 11 6616161 [111166611111611116116161611
1166 ’16616 16111 116 1666111116 166 111611161611761166161616166111
1161161616 661 61111166661166, 16 116 1611116666 116166, 1116163116
166 161 oonetmtgung 166 6111166 16111366 6611161. 161 116 0611661161
1616666166, 66 161161 1166 1116 jone Etnrtumungen von 161661 weg, 111
aso 1111116 66116161 1116 auf 1661116116611611166611161661666 1166616,
161116111611661 6116166116 6166111166 161 0666661166 616161. 66
1161 6166 6166 61661 11661 161611611616, 116 11616 116 11116116 6161
6611161161 11166 6116616, 11661 611 1661166161 116 61166 161-0611661166
16 161 Genetagebung 166 Laudes 161611611661116 116166, 161 116
161661661611 1116111666· 116116 111116 1111166 161161116111611161
611111111166, 16611161 116 (1611611161 6611166 6111611161 1161161 soth
Am 61116666 161 161116 611616661161 1111111616 161 nomm 1661 111
1166111111 161 0166161116 161111 66 111 D. 16111161. 1111. 1631 ,1113661666
11161, 1166 1166 16161116 11161161136116 1161616161 6166611616
61166 6611111166 161 6166616161 6116166 166111611111611161161,
1161161 6666111 61166616 116 1116166 1611611, jn 11666 611 1666116111

6166 61 16116 1611161111 11666161 6611611 16166, 116· 161 16 166161. 161

 

