· 122 1100010 1101001100 Au 1001. ι. 10110100 ι. 0010001100

1001011011001011110010 00 ordnung 11000111010110101100 0000011011
Geltung gebracht werden, 101 110 101011 100 11010001010011 0011 10

1100001 (1000100 001 0101100001 folgenden Anordnungen 001100 10001010·-Ι

1131011101000110100 ·

110000111101110, 10 101010 0001010 110 (1010001100 gebrnoAt
0000100101 100000 wir 11000 Lago 01100 10’0 1010,οο 0010101 0101
10110110 1100011010, ner 1010011010 0110001100000100011010101011011101010
1100ῑο0001οι1 100 (1000011100 01100100 1001 10111101 10100 1100 [Χ.
’01101000 dureAlau'cAAgsten (1000011001 1111010001 von 110100 00110001
0101 1000100100 100 Μο101011 100 01001 Aer 1001100 100101101100111
11000000 000000 1110011011 1000101100100010 0011111000001001

’ ’1001 0010100110 1100010 1011100001 zu 10001100 11001001100 00110

111110 100 0010001101 101110. 110 0011 0100 110 010 0101000010110-
110111ιο1101 010 0001 10 111010110010111001011011 ,00 00111100110
ι’10001ιο0101 gegeben 100100. 81011 der 0000111001000011001, 000101
“es 10011001110111 0101001111 00131101 gemacht ιιιι, 110 1100110 1001110
110111ιῖ01000 100 Κ100101011001 00 macheu, 0011 01100000, 0100110
Ι1111101011 100 11001110101 1010011110000010110111 1010100111001110100
’1001111ιί000 0010000100 werden, 1000010101101011 0100001011010 000
dem 1111100 10111000011101100001, 0001000 00110101001101 000101001

. 1100011010110100000 1010001010011110111011, 011 000101 011101011000

gegon 100 11001001 100 0100011101 11010101000100010010111001101100-

0110,11101 1100111010110 1111111011 001 110 1110100 100800111011101·

0001000100011 1011001100 1011110010010000101001 11100 1101111000000111

001 000100010101101100110 10001 110ιί001001 01100110101 werden 0011,

1110001000 100 0001111010 11000011 100 sache 10101111, 00010100 1100

vor 0110010ι 101100 00 10100011101001, 00 00101000 0101011001111100
[00100010 11.

1.1)10(1000001101 101 01100101 1001 0100100110 100 1110011001
dem 100 8100100 0110001101οι worden 11100110110110100111110110001
00ιο 1100110000 01000 0010100 vertrags 001011 durch 1110101001
’100 1110010 010 10001111100 1100100 1001011131,

2.1)10(100001110010’011ιο0 8011110111 Ηο10111000110001100001
AbgA'seAlosuen‚ 00111ιί01 001 nn Regierungsblutte 1859 Νι. 11111111 VAA-
0110 10110101. 00100 0100 010001101100110011001001. ,

3. [110000110010011001100Κ100101111000001, 0001000 0οι· 111
1101110 1100110 0001011010100, welche 1101000111011010101100101001
01110000011110100 100101101000110110001, 001 110010 1011000101οω
1110110 010 0001111010 01100111 werden 1000100.

Ι10081001 101 01οο 1010001 10010 1100110001ιο0, 00011 Am 00101010
Ι 110 0011011101 00100110100101.

· A. Dieso 11001 110 Ι(1010001101 0011111100 0001001001001110000110101
1100110 100 1110110 110010 110000 01001110001100101ιο111(1000111010)Ἰ
nicht 01000101100100300 werden.

Ι11)ἰο 0010001100 101 10001 110 111011101ιο 110110 ,10100ιί100011
1010100 0101· ιιι 0000111100 11031000111110110 00011010110010, 010 11100100-
gesen 1110 010111101110010010011101.111010111100010111111111011
11010010 00110110100 1110110 000 0101111011 00 1011101001 ’110
11101 10011 110 1011111101 110000 1111011100 01000 1110110000.

 

