m *1 ’1111,1111111111111111111111. k -

11111111111111111111311171111111113111311111111111111111111111 Α 1
1111111311 1111111 111, 111111111111 11111111131111 mans, 1111111 . ,

111111311111 71111111 111 11111111 der 1711111111 3111. -2

,·,1111 1111111111 811111111111 11111 1111111131 1111137111811111113
11111111 ,,1111111111 111 11111113, 11 111111311111111111111111111111
1111111111 111111111311 1),1111 111181111111 1111111111. Dor 8111111111,
11111111,,11111111113,11 11111 1111311111 Toletum 11111, 111 3111111
11111111,111111111711111111111111111111111113,111111 1111111
1111111111 1111111 dem Prineip 111111111111111111 sn 1111111111,
1111 1111 111111 1111131111111 111111 Fullo 111 1111 81111111 111
111111111111111 1111111131,11111111111113111, 11 1111111111111111-
111111 1111111113 11111 111 1111111 11111111111,111 11111111111
11111111Κ11111111 [1111111 11311131.

Scaeam 1131111111111,,111 ’11111111 111111 111111111111 (11111-
113 111 Ρ111111111111111111),- 1111 11 1111111 1111 1111111111111111
1131111111111 Τ1111111 1111111,,1111 11 111 3111113111131111,11111
111811111311111 mit einer 1111 Ρ1111111111111111 3111111111111711111111311
1111111) 1111 [1111111111111 11111, 1111111 11111111111111111111181111113
1111811111 7111111 111 11111111· 1111 11111111113111111111111111811111-
hannem 11111111 1711111 111 81111111 11 81111111 1111111 111111
11111113 11111 111 111 1111111111 1111111 111 11111 8111111111111111131
111111711111111111131111111131111, 11111111111111111,3111113111
Ρ1ο111111111 1111113111111 111,11111131111 3111111111 1111111111.)

Η11181111111111111111311111111111111111131811Τ111111181111Τοὶ11111 , ,1

1111111· 11 118111111113111 1111111, 111 111 111111 111111 111111
111 1111111111 111 ,,1111318111111111111 11111. ’

· 11111111 111 zell 111111111111131111111,1111 11111111311111111
111111 111 mr 11311 1111 1111111111118111111131111111111111111
1111111 111 311 3111111111 1111,11113131111111311111111111111111111111,
nu 1111111111 1). Dio conventum 111111· 111 11111311111 1111111113 =
111111 111 1111111111 (11111111 31111111111 1111111(1111311111111)Το-
111111,1111111311111111111131111 Α1111111113,111111111111
1111111111111111,11111111111111111113111, 111 111 Ρ11111111111 1111
(11111111 311111111.,,111111111111 damus petimusque 1111111111

, 11 8. 1,,1111 111131 1113111111111 11111, 1111111 1111111111111111-
31111113111111 111111), 111 1111 111 0111111111311 111111 111 11111.

..uffan—⁵·-

1)811111111111 8. 82. 8111111111111113111111 111111111181311111.111-

113111111111.113111.11111111111,1111111111111111111111.18,1118111.111- , ζ

111111111.28,1111111111 1111111. (1188) ο. 17. ,
¹ 1)1111111111111 8. 81.

goarsskfm' 8. 18- dle 31111111 3111111111 811111111111111 0131111 11

1) 811 11111111 8111111111 (81111111111118. 27, 81) 111 11111111 1111111111
111311111111181111111111811111,11131111111111111111 111111 11111-
311111111,1 1111 fiir dle 13111 1131 81111111 1111111111111111111111111111111

7111111111 1113 13. 111 1711111111. 71111117. 1881), 111. 88. Archiv, Bd. 71 8 18811.

ν1.·1)8111111111311131111111111111(1111111111111811111111128Α1111111111
1111,111.11.1111111, 3111111.111811111111111111111.) Freiburg 111 11111311.
81111111117111131111111131818 (8. 87811111) S. 18 11. S. 1³, 11.

1)11111111111111181111111111·811111111 8. 18 u· 17.

 

