11111111111111111111111111111111111111111111. ³⁹⁸

0111.Κ11111111111111111111 111 01111111 11119 11111811 (1111111
1111 0111111111 111111κί1111 1111111811, 11111 159 81111 11127
1111111111) 111 811111111111111111 111 0111111111 111111111111111-
1111111111 0111111111 zu [11111111 111 0111111 111111111111111111111,
111 Religionum 111 [111111 1111111111. 0111111111111111111,111
11111111111111111111111111111,111 dem 11 11111. 1111111111-

* ' 1111111111111111111111111. 01.Η1111111111111111111111111111.

011 0111111111111 111 11111111, 1111 1111 11111111111111111111111111,
11111 111111 11111 Fauo 1111111111 11111, 11111 11111111111111111111.
mnu-g 11 0111111111 odor 8111111111 1111111111, 111 weil 111
. 1111111111111 11 11111. 1111111 1111111 11111111Ι 1111, 1111 11 11111 1111111
1111 1111111111111111, im sinnades Η11111’111111 11111111 1111111111111
111 111111· Nnoh 1111111111 111 1111111εεί11111 11111 11111111 (11111111.
111111111111111.) 11111111 1111111111 111 0111111 1111111111 11 111 1111111111
11111111 1111 0111111111 111111 Potitio· 111· 11111111. 1111111 1111111111-
1111111111 1111111111 111, 11111111 11· 111 Wort. 8111 11111 &magenta
,111 1815 1111111111 1111111111 111 1111111111 011111111111111111 111
11. 1111 11111111111111 1111101111, [1111111 1111111 011111111111 u
1111111111 amanen. 111 1111 su (111 11111111 1111111111 1111 1111
11111111111111 Β1111111111111111111.,Ρ1111 Ζ111. 1811 Nr. 358 corr. 11111
11111111) dm au'oh 111 0111111111 11111111111111111111111111111111111
0111111111 1111111, 11111 111 1111111111 1118111111111111111 1111111111111
01111111111111111111111111111111,1111111111111.1111111111 01111
[1111111111 11111111 111 1111111111 1111,11111111111111 1111111111
noch 111111 11111111 1111111111 111111111111111,1111 11111111 11111111
11111111111111111111111,11111111111 111 1111111111 1111111111111 111
einzelnen 0111111111 1111111111 1111111111 0111111111111111111111
molium 1111111 1111111111 01111111 11111111111111 11111 11111111 11111

. gogo· 11111111111111111111111111111 ,1111111111 1111 11111111 1111111111

‚vem 1111 111111, 11111111111111111, 111 1111111111111111 1111111111, eim

Χ11111111 Anam 1111 11111 aigum (11111111111111111 111 11111111, 111111 .
wohl 111 811110111111111 11111111111111 1111111111 111 111111111111
11111 11111111 111 1111111111 111 111 Ι1111111111. Ν111111111 (1111111111
’.1111111 1101111111. 1111. 111. 111111) 1111111111ηά 1111111111, 1111
Ι1111’11111111181111111 11111 111111 81111111 111111 01111111111111111111111,
wardo 111 01111101111111111111 mmmm-(Semta wimmer, Ηο1-
11111 111111, Bianor F'nrwerk, 0111111111111110111. 0111111111, 1111111,
11111111, v. 0111111111 111 1111111111 v. 8111111111) 1111111111. 11
1111111 1111111111 11111 111 flammaue 1111111 1111111111 11111111, 1111111
1111011111 81111111 111 1101111111 81111111 1111111111 0111111111-
nohum 1111 111 11111111· 11 11111111 1111111111111 mm· 111111111101111
1111111111 1111111111. (Man 111. 111111· 111 111111111111111111111111111111111
‹Remmia-gen 111 111111 1111111111· 111111· 11111111111111111111111810,
mh 1111111111110111111111 7111111111 1810 1111201.)

, 10. sachun-wenna.

ἵ ner 01111111 11111 dem 11111110111111181111111 111 1111111..
(1111111 dom 1111· 11111 Journal 1801 111. 120.)

0111111111 1111111 111 1111111111 111 01111111111111111 111
0111111111. 1111 1111111111 011111111111111 11 11111111 11111111 1111111111

 

