’111111111111’111111111111’1101111111111 ¹21³1

1111111111113 111111111111111111111 111 1111111111 1111111111 111
Ι111 3111111111 1111111111 111111111111111 111111113111111111111
1111111111 11111111111111111111111 11111 01111111111 11111111111111-
gerunden 111) 111 in 111116 111 11111111111111111(111111111111
111111111111111 von Landgiitem und Η111111 1111 111 liinwiliigung
111 111ςί111111 111111111111, 1111111111 1111 111 111111 111 111111-
1111111, 111 1111111111 116 11111111311 11 11111111 11111 von 111
11113111 1111 11131111 vemgten‘iiinwiiligung 111 811111113111111 11-
1111131111111111111. 1111111111 01111111111 11111111111111 zu Τ1111
3111111111υά 111 1111111111, 111111111111111 in 11111111 anderen
111111 ’1111111111 1111111 111 1111161111 1111111 1111 11311111 1111111311
11111111 111, 111 1111, 111 11111 1111111111 11 demjenigen, welcher,
. 11111 1111111111 11111, 111,11111111111 111 1111111111 Bedeuiung 1111
kann: 111 1111111111 111 11111111111·8111111,’ 111111111111 1111111111111111.
. Wir 1116 111111 1111 111 1111111111111111111111111111111111111
111111111181111111111131111111 1111111111 wie 111 protestantia 11
81111111111111 (11111111111111111 1111111111. 1111111111 11111 1111111
11111111 11 su segon, 11111 1111131 1111111111 stimme gegon 111.
woii 1111111111111 1111111 81111» 111 111111111111111, 11111 11111
11111 111 1111111111, 11111 111111 111111111111· 111 111111111111111 111-
3111111111. 1111 1111111111 11 111111 8111111111 11111111111111111111 ·

’.4111111111 1111111119 (8111111-11111111111111111111, 1. 1,,1860. ”

111111111.11111111.111111111111111111.)
1111111 1111 (11 1111111111 111111111111111111) 1111 111111111111-
'rungon 111 1111111111 1111111111 11111111 in 111Ἠ111111111111 111 111111-
111111111 81111111 1111111. Wir 1111111 111 1111 111111111111 111
11111 1111 1111111111 1111111111111611, 111 denen 1111111 111111-
:sammiung 111 8111111111 11111111ςί11. 181811111111111,“ 111 116111

’ . 11111 111111 1111111311 111111111111111111111 111131111111 81111111-
4111111111111111, 11111111111201111111111 Minister von 1111 11 1

811111 gelegentlioh Vorstellungen 11111111, 111 111111111111 1111 111-1
11111113 11 111 1111311111111111111111 111 protestantia 11111111 volito,
um 1111111111 1111111111 8111 11111111 Ρ11111111111 111111 ⁴zu 11111,
111111 1111111111, 111111111111 1111111111, 1111 11111111 011-
1111111111111111111116111111111 1111111, 1111 111 111111111111111
Eudo 11111 1111111 11111 11 111 011111 (111111 31111111. 1111111611
111111111111 1111111111, jetti 1111111111611, 1111111111 dagegen,
1111 1111 1111111 11111 1111111111 1111111111 11111111111111 oder
Einwirkungen 1111 11111 11111111111111111111111111111. Γ1111111111
(1111111111, 111 einen 1111111 1111111111111111111111 1111 1111111111
iiber 111 11111111111 111Ρ11111111111 1101111111111 zu 1111111111 111
11111111 11111111 1111 11 111111 1111111111111111113 mit (111 111 1111111
111111111111 61111111. seder Kathoiik 1111 Ρ1111111111111111111111-
1111111111 1111111111 deutschen 1111111111, 11111111 1111 ’111 11111111-
1111 111111 Religion und 111 111 111111 [1111111 1111111111 Κ11111 ’
1111111111. 1111, 1111111111 im 1111111111 111 111 1111111111111111111
11111111111111111111111 111 in deren eigonem [11111111 dimit ein-
11111111111111, 1111 11111 vollsiindiger 1111111111111,1111111111111
1111111 11 alien 1111111111111111 111 1111111111 111111111111111111111
1111111 1111111111111 111 8111131111 111 111 1111111111 nitentum,

ii*

 

